Date,Open,High,Low,Close,Adj Close,Volume
2012-05-18,967.020020,971.140015,955.140015,955.979980,955.979980,131224200
2012-05-21,955.429993,977.500000,955.010010,975.969971,975.969971,90525400
2012-05-22,985.250000,1004.169983,984.219971,1000.530029,1000.530029,110339000
2012-05-23,989.599976,992.710022,973.750000,974.559998,974.559998,104368000
2012-05-24,984.539978,988.130005,971.419983,986.619995,986.619995,75029400
2012-05-25,987.559998,995.520020,976.260010,985.030029,985.030029,79178600
2012-05-28,992.580017,1000.679993,976.880005,985.119995,985.119995,59836600
2012-05-29,990.789978,1006.909973,988.750000,1001.830017,1001.830017,93429800
2012-05-30,994.450012,1000.020020,982.630005,986.609985,986.609985,99380000
2012-05-31,989.150024,991.489990,969.159973,975.979980,975.979980,134104400
2012-06-01,980.049988,980.530029,946.369995,956.700012,956.700012,145939800
2012-06-04,946.489990,956.760010,941.109985,946.119995,946.119995,67891800
2012-06-05,952.539978,957.619995,948.690002,951.909973,951.909973,63457200
2012-06-07,951.909973,990.570007,951.909973,981.950012,981.950012,134597800
2012-06-08,974.700012,978.969971,962.900024,975.760010,975.760010,134359400
2012-06-11,996.580017,1002.070007,981.900024,982.289978,982.289978,100899600
2012-06-12,978.859985,988.070007,976.130005,987.159973,987.159973,91432600
2012-06-13,990.869995,997.059998,971.429993,976.010010,976.010010,134930600
2012-06-14,975.369995,976.030029,958.270020,971.659973,971.659973,116814400
2012-06-15,978.609985,980.369995,973.770020,977.530029,977.530029,111709600
2012-06-18,990.849976,992.440002,971.760010,981.049988,981.049988,90064600
2012-06-19,980.890015,1000.900024,980.890015,1000.190002,1000.190002,87552200
2012-06-20,1005.950012,1016.119995,996.679993,1014.989990,1014.989990,95625600
2012-06-21,1009.609985,1015.640015,1005.179993,1009.840027,1009.840027,87272000
2012-06-25,1009.840027,1009.840027,984.320007,985.340027,985.340027,93574600
2012-06-26,987.909973,989.900024,976.390015,981.640015,981.640015,76671000
2012-06-27,987.679993,993.150024,981.190002,991.969971,991.969971,68268400
2012-06-28,996.010010,996.010010,971.900024,979.530029,979.530029,83765400
2012-06-29,1002.890015,1019.059998,998.250000,1019.059998,1019.059998,121211800
2012-07-02,1020.590027,1030.619995,1019.080017,1024.859985,1024.859985,89325200
2012-07-03,1027.839966,1040.160034,1026.619995,1040.160034,1040.160034,93541200
2012-07-04,1037.660034,1042.319946,1030.359985,1038.420044,1038.420044,47596400
2012-07-05,1037.910034,1048.380005,1028.020020,1035.869995,1035.869995,88984600
2012-07-06,1030.900024,1035.520020,1023.869995,1023.869995,1023.869995,67056400
2012-07-09,1022.260010,1025.939941,1018.539978,1020.440002,1020.440002,66004800
2012-07-10,1023.640015,1032.760010,1016.739990,1028.089966,1028.089966,68930200
2012-07-11,1021.940002,1029.869995,1019.010010,1026.119995,1026.119995,75889400
2012-07-12,1021.650024,1021.780029,1009.320007,1013.719971,1013.719971,72961800
2012-07-13,1016.780029,1033.819946,1016.780029,1030.939941,1030.939941,64700400
2012-07-16,1031.959961,1037.800049,1029.400024,1037.800049,1037.800049,83310800
2012-07-17,1036.369995,1041.199951,1022.210022,1024.439941,1024.439941,113908400
2012-07-18,1023.880005,1034.089966,1017.000000,1032.819946,1032.819946,130701400
2012-07-19,1039.459961,1051.459961,1036.520020,1050.709961,1050.709961,114129400
2012-07-20,1048.819946,1052.760010,1037.900024,1041.560059,1041.560059,112506000
2012-07-23,1029.380005,1033.530029,1011.669983,1021.809998,1021.809998,88943600
2012-07-24,1020.530029,1026.359985,1015.469971,1021.770020,1021.770020,72005400
2012-07-25,1015.130005,1034.410034,1014.830017,1029.300049,1029.300049,78488000
2012-07-26,1029.050049,1053.520020,1021.090027,1048.369995,1048.369995,106452600
2012-07-27,1053.089966,1061.969971,1042.209961,1059.750000,1059.750000,90443800
2012-07-30,1064.650024,1067.890015,1056.869995,1066.130005,1066.130005,61670000
2012-07-31,1066.199951,1071.410034,1061.609985,1068.160034,1068.160034,79093200
2012-08-01,1067.689941,1068.989990,1060.989990,1065.910034,1065.910034,102561200
2012-08-02,1064.670044,1079.849976,1053.489990,1058.099976,1058.099976,102937200
2012-08-03,1060.819946,1081.260010,1059.719971,1081.069946,1081.069946,76426800
2012-08-06,1079.719971,1082.849976,1074.239990,1076.439941,1076.439941,77098000
2012-08-07,1076.829956,1077.959961,1063.290039,1075.699951,1075.699951,82913200
2012-08-08,1071.900024,1079.949951,1069.650024,1079.949951,1079.949951,75468200
2012-08-09,1084.079956,1085.280029,1075.989990,1083.670044,1083.670044,77344200
2012-08-10,1079.060059,1082.500000,1070.290039,1079.520020,1079.520020,75930200
2012-08-13,1076.449951,1079.550049,1071.530029,1077.270020,1077.270020,65683600
2012-08-14,1080.109985,1083.390015,1074.010010,1079.459961,1079.459961,69834800
2012-08-15,1076.550049,1077.489990,1072.859985,1075.170044,1075.170044,68488000
2012-08-16,1075.089966,1078.339966,1071.709961,1078.040039,1078.040039,62993600
2012-08-17,1081.119995,1092.599976,1080.920044,1091.449951,1091.449951,87132400
2012-08-20,1090.270020,1093.739990,1081.010010,1084.060059,1084.060059,56743200
2012-08-21,1084.349976,1086.290039,1079.849976,1085.069946,1085.069946,68534400
2012-08-22,1077.089966,1077.089966,1057.849976,1061.800049,1061.800049,80475400
2012-08-23,1068.989990,1072.849976,1051.010010,1055.170044,1055.170044,69565800
2012-08-24,1053.180054,1059.119995,1049.050049,1058.579956,1058.579956,84975000
2012-08-27,1057.219971,1065.550049,1055.920044,1065.550049,1065.550049,54999000
2012-08-28,1059.579956,1059.680054,1040.829956,1040.829956,1040.829956,88360200
2012-08-29,1044.069946,1050.579956,1040.390015,1045.729980,1045.729980,73803600
2012-08-30,1042.150024,1044.229980,1033.020020,1038.380005,1038.380005,77061000
2012-08-31,1037.390015,1048.270020,1034.239990,1043.930054,1043.930054,82886600
2012-09-03,1040.420044,1052.750000,1039.989990,1049.520020,1049.520020,53609000
2012-09-04,1050.250000,1050.250000,1032.530029,1035.739990,1035.739990,74593600
2012-09-05,1033.859985,1040.739990,1028.930054,1038.130005,1038.130005,113408000
2012-09-06,1040.250000,1063.739990,1038.410034,1058.449951,1058.449951,123030900
2012-09-07,1064.530029,1074.829956,1064.530029,1070.869995,1070.869995,127275000
2012-09-10,1067.589966,1073.310059,1066.890015,1067.569946,1067.569946,66098800
2012-09-11,1064.150024,1076.640015,1060.439941,1076.569946,1076.569946,80807600
2012-09-12,1078.579956,1087.949951,1073.459961,1085.760010,1085.760010,120684600
2012-09-13,1082.469971,1086.709961,1080.810059,1086.300049,1086.300049,86979400
2012-09-14,1103.449951,1119.189941,1102.040039,1114.979980,1114.979980,153696400
2012-09-17,1108.489990,1112.650024,1106.189941,1108.530029,1108.530029,92722000
2012-09-18,1103.910034,1105.760010,1096.630005,1100.979980,1100.979980,98308800
2012-09-19,1102.979980,1108.530029,1101.670044,1106.430054,1106.430054,76902400
2012-09-20,1099.640015,1102.680054,1095.420044,1100.229980,1100.229980,85451400
2012-09-21,1104.680054,1106.410034,1097.520020,1099.890015,1099.890015,102038800
2012-09-24,1095.030029,1100.119995,1092.069946,1099.729980,1099.729980,84809200
2012-09-25,1096.739990,1106.069946,1092.630005,1105.729980,1105.729980,115582200
2012-09-26,1096.780029,1097.089966,1085.489990,1088.160034,1088.160034,93398200
2012-09-27,1084.270020,1091.349976,1080.770020,1083.619995,1083.619995,97671800
2012-09-28,1087.050049,1088.540039,1072.239990,1072.449951,1072.449951,99073800
2012-10-01,1069.729980,1086.640015,1069.349976,1085.140015,1085.140015,73753400
2012-10-02,1080.319946,1090.010010,1078.099976,1084.969971,1084.969971,85470600
2012-10-03,1079.439941,1084.199951,1076.849976,1080.239990,1080.239990,75908800
2012-10-04,1084.239990,1085.109985,1076.040039,1083.089966,1083.089966,78797600
2012-10-05,1085.589966,1098.719971,1085.550049,1093.540039,1093.540039,82402800
2012-10-08,1087.349976,1087.969971,1078.369995,1079.910034,1079.910034,56630600
2012-10-09,1081.760010,1084.170044,1073.290039,1073.660034,1073.660034,70340400
2012-10-10,1069.949951,1072.339966,1059.459961,1061.550049,1061.550049,88848800
2012-10-11,1057.630005,1069.020020,1055.849976,1065.339966,1065.339966,81804200
2012-10-12,1063.380005,1064.790039,1056.689941,1058.699951,1058.699951,73866600
2012-10-15,1058.079956,1068.069946,1058.000000,1063.709961,1063.709961,71935200
2012-10-16,1068.030029,1072.859985,1062.719971,1072.859985,1072.859985,90998800
2012-10-17,1073.939941,1076.160034,1068.849976,1075.500000,1075.500000,109369800
2012-10-18,1076.750000,1083.569946,1072.489990,1082.719971,1082.719971,141471600
2012-10-19,1079.349976,1081.390015,1064.619995,1064.640015,1064.640015,98440600
2012-10-22,1063.939941,1075.949951,1061.890015,1067.280029,1067.280029,90480000
2012-10-23,1068.520020,1068.520020,1044.199951,1048.599976,1048.599976,116456800
2012-10-24,1043.609985,1054.719971,1034.550049,1050.469971,1050.469971,142184400
2012-10-25,1049.930054,1062.339966,1046.119995,1057.739990,1057.739990,100762400
2012-10-26,1050.109985,1061.010010,1048.170044,1059.199951,1059.199951,93468200
2012-10-29,1054.790039,1059.510010,1051.520020,1055.569946,1055.569946,57140200
2012-10-30,1054.949951,1061.619995,1054.729980,1059.199951,1059.199951,52162400
2012-10-31,1061.209961,1065.699951,1051.959961,1052.109985,1052.109985,80066200
2012-11-01,1050.030029,1064.079956,1047.280029,1062.510010,1062.510010,88179800
2012-11-02,1063.469971,1069.910034,1062.599976,1069.910034,1069.910034,39772800
2012-11-05,1066.319946,1068.270020,1062.180054,1063.349976,1063.349976,71285400
2012-11-06,1064.410034,1073.880005,1063.160034,1072.479980,1072.479980,78754600
2012-11-07,1078.510010,1079.030029,1056.400024,1056.400024,1056.400024,104541200
2012-11-08,1062.699951,1064.369995,1052.500000,1055.520020,1055.520020,84209600
2012-11-09,1054.520020,1059.449951,1043.640015,1052.150024,1052.150024,72502200
2012-11-12,1051.410034,1057.489990,1049.599976,1052.300049,1052.300049,54778400
2012-11-13,1048.109985,1053.949951,1040.130005,1052.979980,1052.979980,76178000
2012-11-14,1051.459961,1056.869995,1048.839966,1052.219971,1052.219971,86119800
2012-11-15,1043.609985,1045.609985,1037.560059,1038.329956,1038.329956,77072400
2012-11-16,1038.530029,1043.010010,1026.469971,1027.040039,1027.040039,82322800
2012-11-19,1035.140015,1051.359985,1034.699951,1051.359985,1051.359985,81548600
2012-11-20,1049.469971,1055.219971,1047.449951,1053.910034,1053.910034,154911900
2012-11-21,1050.550049,1056.900024,1048.160034,1053.640015,1053.640015,73288800
2012-11-22,1056.589966,1062.189941,1054.010010,1060.979980,1060.979980,74734400
2012-11-23,1061.930054,1071.770020,1058.310059,1071.770020,1071.770020,74724800
2012-11-26,1069.290039,1074.209961,1065.109985,1068.979980,1068.979980,75724200
2012-11-27,1073.050049,1075.560059,1068.239990,1071.729980,1071.729980,74222000
2012-11-28,1067.280029,1069.969971,1061.189941,1069.390015,1069.390015,70854200
2012-11-29,1074.859985,1085.030029,1074.219971,1085.030029,1085.030029,84898600
2012-11-30,1084.390015,1090.939941,1083.250000,1085.849976,1085.849976,96186800
2012-12-03,1089.160034,1096.939941,1086.839966,1088.880005,1088.880005,66045000
2012-12-04,1087.439941,1090.060059,1085.160034,1088.599976,1088.599976,58040000
2012-12-05,1092.469971,1096.260010,1090.410034,1091.329956,1091.329956,77696800
2012-12-06,1095.790039,1102.709961,1094.920044,1098.030029,1098.030029,93998600
2012-12-07,1099.079956,1100.839966,1094.660034,1098.619995,1098.619995,74771000
2012-12-10,1094.550049,1107.030029,1093.550049,1105.949951,1105.949951,88198800
2012-12-11,1104.729980,1109.560059,1101.989990,1108.959961,1108.959961,85372200
2012-12-12,1109.979980,1109.979980,1102.219971,1103.349976,1103.349976,76564800
2012-12-13,1102.790039,1103.880005,1092.119995,1092.119995,1092.119995,127037800
2012-12-14,1094.209961,1099.069946,1093.550049,1098.079956,1098.079956,78843400
2012-12-17,1098.329956,1102.410034,1094.800049,1101.709961,1101.709961,78044600
2012-12-18,1105.630005,1108.750000,1103.099976,1107.479980,1107.479980,114168400
2012-12-19,1109.739990,1110.030029,1103.949951,1108.939941,1108.939941,100253600
2012-12-20,1102.040039,1109.199951,1101.910034,1108.069946,1108.069946,80034000
2012-12-21,1101.599976,1109.140015,1097.979980,1107.930054,1107.930054,95839200
2012-12-27,1107.930054,1114.050049,1104.069946,1110.910034,1110.910034,62233200
2012-12-28,1111.170044,1114.000000,1104.689941,1104.729980,1104.729980,72443600
2013-01-02,1104.729980,1129.959961,1104.729980,1129.959961,1129.959961,80529000
2013-01-03,1127.609985,1130.890015,1126.099976,1130.400024,1130.400024,63056000
2013-01-04,1128.869995,1136.770020,1126.380005,1136.770020,1136.770020,63223400
2013-01-07,1136.910034,1137.369995,1130.130005,1130.130005,1130.130005,85150400
2013-01-08,1128.630005,1133.280029,1124.319946,1125.390015,1125.390015,86838600
2013-01-09,1126.430054,1128.660034,1118.979980,1127.670044,1127.670044,88190600
2013-01-10,1129.550049,1131.270020,1125.400024,1126.869995,1126.869995,143521400
2013-01-11,1130.000000,1132.280029,1126.660034,1132.280029,1132.280029,96680200
2013-01-14,1133.170044,1138.069946,1130.780029,1132.839966,1132.839966,82373600
2013-01-15,1132.500000,1133.969971,1125.390015,1127.510010,1127.510010,115548400
2013-01-16,1127.189941,1130.650024,1123.739990,1130.619995,1130.619995,77205000
2013-01-17,1129.739990,1137.729980,1129.439941,1136.199951,1136.199951,95528800
2013-01-18,1141.170044,1141.170044,1133.459961,1135.020020,1135.020020,80721200
2013-01-21,1136.369995,1143.630005,1135.010010,1143.089966,1143.089966,75624600
2013-01-22,1142.310059,1142.959961,1135.329956,1139.150024,1139.150024,97183600
2013-01-23,1137.310059,1141.989990,1136.750000,1140.819946,1140.819946,94827600
2013-01-24,1140.089966,1146.930054,1137.839966,1146.930054,1146.930054,131329400
2013-01-25,1146.810059,1158.500000,1144.709961,1158.500000,1158.500000,97562200
2013-01-28,1162.180054,1162.489990,1157.660034,1160.250000,1160.250000,91469000
2013-01-29,1159.750000,1161.969971,1155.739990,1161.969971,1161.969971,81973600
2013-01-30,1165.170044,1173.380005,1162.969971,1173.380005,1173.380005,147655600
2013-01-31,1177.030029,1182.119995,1168.250000,1169.170044,1169.170044,175589600
2013-02-01,1167.719971,1178.869995,1167.530029,1176.109985,1176.109985,133204200
2013-02-04,1177.030029,1177.410034,1160.479980,1161.189941,1161.189941,119587400
2013-02-05,1156.819946,1175.540039,1156.819946,1175.540039,1175.540039,127662600
2013-02-06,1174.719971,1181.030029,1168.670044,1174.790039,1174.790039,143984400
2013-02-07,1174.140015,1177.060059,1163.650024,1165.709961,1165.709961,103719000
2013-02-08,1168.430054,1175.640015,1165.520020,1175.050049,1175.050049,103434400
2013-02-11,1174.719971,1176.280029,1166.260010,1171.010010,1171.010010,85402000
2013-02-12,1171.750000,1176.680054,1166.369995,1175.979980,1175.979980,77369800
2013-02-13,1179.099976,1186.020020,1176.640015,1185.459961,1185.459961,84017000
2013-02-14,1183.540039,1184.550049,1176.979980,1182.910034,1182.910034,103650200
2013-02-15,1181.630005,1187.520020,1180.560059,1183.430054,1183.430054,88350600
2013-02-18,1183.260010,1186.449951,1181.089966,1185.979980,1185.979980,60025800
2013-02-19,1184.160034,1193.800049,1183.790039,1193.770020,1193.770020,85032300
2013-02-20,1193.540039,1201.280029,1191.680054,1200.540039,1200.540039,96719800
2013-02-21,1194.819946,1195.140015,1184.560059,1188.949951,1188.949951,96924000
2013-02-22,1191.260010,1207.359985,1191.260010,1205.099976,1205.099976,94506200
2013-02-25,1208.109985,1212.319946,1197.900024,1199.439941,1199.439941,92856600
2013-02-26,1180.819946,1191.670044,1180.760010,1180.900024,1180.900024,100779400
2013-02-27,1185.719971,1194.130005,1178.530029,1194.069946,1194.069946,83942000
2013-02-28,1196.709961,1200.000000,1192.520020,1199.400024,1199.400024,92843400
2013-03-01,1199.939941,1203.760010,1189.770020,1199.209961,1199.209961,84787200
2013-03-04,1194.859985,1203.640015,1190.369995,1203.469971,1203.469971,78125200
2013-03-05,1208.750000,1219.219971,1208.550049,1217.410034,1217.410034,107005200
2013-03-06,1217.680054,1221.000000,1208.099976,1208.390015,1208.390015,87335600
2013-03-07,1211.959961,1213.329956,1206.069946,1208.089966,1208.089966,96616800
2013-03-08,1213.589966,1219.829956,1211.400024,1215.140015,1215.140015,86170000
2013-03-11,1215.010010,1218.280029,1212.099976,1218.079956,1218.079956,58591600
2013-03-12,1215.699951,1219.500000,1208.300049,1208.520020,1208.520020,100430800
2013-03-13,1209.660034,1211.469971,1202.989990,1210.890015,1210.890015,75354600
2013-03-14,1216.209961,1222.800049,1214.880005,1221.849976,1221.849976,88122200
2013-03-15,1217.880005,1218.989990,1213.819946,1217.349976,1217.349976,118163600
2013-03-18,1195.930054,1211.849976,1194.829956,1209.670044,1209.670044,101810400
2013-03-19,1206.260010,1210.189941,1195.390015,1195.979980,1195.979980,136248200
2013-03-20,1201.449951,1205.829956,1198.050049,1203.099976,1203.099976,107155400
2013-03-21,1197.359985,1198.479980,1183.630005,1187.719971,1187.719971,104335000
2013-03-22,1182.310059,1196.979980,1179.750000,1196.430054,1196.430054,97368400
2013-03-25,1204.069946,1206.780029,1191.500000,1195.579956,1195.579956,96290400
2013-03-26,1196.839966,1199.910034,1192.349976,1194.989990,1194.989990,83457400
2013-03-27,1197.329956,1200.199951,1185.060059,1194.489990,1194.489990,84292600
2013-03-28,1195.369995,1203.439941,1192.750000,1201.189941,1201.189941,50687600
2013-04-02,1201.189941,1211.250000,1200.900024,1210.079956,1210.079956,94595400
2013-04-03,1206.890015,1210.359985,1201.010010,1203.380005,1203.380005,100316000
2013-04-04,1200.910034,1201.459961,1179.819946,1183.010010,1183.010010,108345400
2013-04-05,1181.510010,1184.800049,1162.069946,1168.790039,1168.790039,106118000
2013-04-08,1173.709961,1177.829956,1162.089966,1164.849976,1164.849976,73575600
2013-04-09,1169.390015,1178.400024,1169.380005,1175.619995,1175.619995,85303800
2013-04-10,1175.750000,1194.670044,1175.729980,1193.660034,1193.660034,105627600
2013-04-11,1191.260010,1197.369995,1190.439941,1195.530029,1195.530029,82237800
2013-04-12,1190.589966,1192.400024,1183.339966,1185.329956,1185.329956,88499000
2013-04-15,1184.569946,1186.939941,1168.569946,1177.609985,1177.609985,93560800
2013-04-16,1171.410034,1177.199951,1164.400024,1167.479980,1167.479980,92687000
2013-04-17,1171.060059,1171.060059,1146.520020,1147.479980,1147.479980,132327200
2013-04-18,1151.020020,1155.469971,1140.689941,1146.650024,1146.650024,136220400
2013-04-19,1151.430054,1153.989990,1143.459961,1147.310059,1147.310059,102900200
2013-04-22,1153.829956,1158.290039,1142.810059,1143.300049,1143.300049,107002400
2013-04-23,1144.900024,1172.790039,1143.829956,1172.790039,1172.790039,149674000
2013-04-24,1166.020020,1176.910034,1161.050049,1176.910034,1176.910034,136944800
2013-04-25,1175.400024,1198.329956,1174.660034,1194.859985,1194.859985,142432000
2013-04-26,1187.719971,1196.550049,1186.750000,1194.660034,1194.660034,123452600
2013-04-29,1194.589966,1200.199951,1188.380005,1198.109985,1198.109985,169257900
2013-04-30,1198.430054,1204.040039,1198.329956,1198.989990,1198.989990,56437200
2013-05-02,1198.989990,1198.989990,1186.790039,1194.420044,1194.420044,100945800
2013-05-03,1197.750000,1208.609985,1190.939941,1203.339966,1203.339966,92003800
2013-05-06,1202.219971,1207.199951,1200.000000,1205.170044,1205.170044,59773000
2013-05-07,1207.310059,1215.140015,1207.189941,1208.099976,1208.099976,103822600
2013-05-08,1209.849976,1221.829956,1209.270020,1221.829956,1221.829956,46235400
2013-05-13,1221.829956,1230.479980,1220.810059,1223.890015,1223.890015,81763400
2013-05-14,1224.939941,1225.979980,1218.349976,1224.849976,1224.849976,91710800
2013-05-15,1224.040039,1230.400024,1222.910034,1230.119995,1230.119995,78049600
2013-05-16,1230.609985,1239.910034,1228.819946,1235.000000,1235.000000,106604200
2013-05-17,1234.660034,1244.670044,1232.530029,1244.250000,1244.250000,94030000
2013-05-20,1245.949951,1250.099976,1240.040039,1243.369995,1243.369995,73172400
2013-05-21,1241.959961,1248.160034,1236.310059,1248.140015,1248.140015,84161800
2013-05-22,1248.959961,1257.560059,1246.280029,1254.569946,1254.569946,88254800
2013-05-23,1232.300049,1234.170044,1216.050049,1224.449951,1224.449951,117676600
2013-05-24,1229.810059,1231.290039,1214.819946,1217.060059,1217.060059,76634800
2013-05-27,1221.930054,1231.680054,1220.680054,1231.680054,1231.680054,38522400
2013-05-28,1236.400024,1245.800049,1236.400024,1244.040039,1244.040039,75184000
2013-05-29,1237.859985,1238.239990,1220.489990,1222.369995,1222.369995,148889600
2013-05-30,1217.699951,1229.040039,1216.660034,1225.180054,1225.180054,86647800
2013-05-31,1225.550049,1225.550049,1209.560059,1214.770020,1214.770020,116015400
2013-06-03,1207.630005,1222.660034,1202.390015,1209.709961,1209.709961,78980400
2013-06-04,1214.989990,1220.000000,1205.469971,1207.560059,1207.560059,67836000
2013-06-05,1201.290039,1205.170044,1182.770020,1185.040039,1185.040039,80804400
2013-06-07,1185.040039,1197.979980,1175.530029,1192.979980,1192.979980,105491800
2013-06-10,1191.689941,1197.170044,1188.910034,1192.859985,1192.859985,72350800
2013-06-11,1189.630005,1190.969971,1178.540039,1184.619995,1184.619995,106984200
2013-06-12,1182.390015,1192.910034,1176.530029,1177.260010,1177.260010,77924800
2013-06-13,1163.300049,1174.030029,1155.939941,1173.569946,1173.569946,103459200
2013-06-14,1181.920044,1185.209961,1174.420044,1177.589966,1177.589966,95488200
2013-06-17,1180.359985,1196.449951,1180.229980,1191.390015,1191.390015,80308400
2013-06-18,1188.250000,1198.119995,1183.400024,1193.949951,1193.949951,69280000
2013-06-19,1191.189941,1192.209961,1174.160034,1174.839966,1174.839966,204088000
2013-06-20,1162.560059,1163.660034,1137.119995,1138.599976,1138.599976,168383600
2013-06-21,1138.599976,1138.599976,1138.599976,1138.599976,1138.599976,0
2013-06-24,1122.459961,1129.339966,1108.959961,1112.140015,1112.140015,138746000
2013-06-25,1120.550049,1133.209961,1117.880005,1129.250000,1129.250000,129660800
2013-06-26,1131.729980,1147.819946,1128.770020,1144.780029,1144.780029,95435200
2013-06-27,1147.589966,1163.339966,1144.069946,1161.000000,1161.000000,170707700
2013-06-28,1163.219971,1166.359985,1150.260010,1151.000000,1151.000000,106167200
2013-07-01,1158.310059,1165.979980,1150.390015,1165.640015,1165.640015,90683400
2013-07-02,1167.339966,1167.339966,1153.880005,1161.380005,1161.380005,81864400
2013-07-03,1154.660034,1154.729980,1141.900024,1154.540039,1154.540039,74164600
2013-07-04,1159.709961,1178.300049,1158.829956,1175.219971,1175.219971,87148600
2013-07-05,1177.560059,1186.329956,1164.839966,1167.520020,1167.520020,152347200
2013-07-08,1173.520020,1186.959961,1173.520020,1182.640015,1182.640015,65727800
2013-07-09,1186.579956,1194.770020,1185.180054,1194.760010,1194.760010,81296800
2013-07-10,1192.699951,1197.339966,1185.810059,1195.310059,1195.310059,73667400
2013-07-11,1208.479980,1211.369995,1204.890015,1211.369995,1211.369995,81235200
2013-07-12,1212.770020,1216.920044,1210.569946,1210.729980,1210.729980,73476600
2013-07-15,1216.930054,1222.599976,1213.890015,1215.229980,1215.229980,71950200
2013-07-16,1217.859985,1219.689941,1210.400024,1212.619995,1212.619995,92062400
2013-07-17,1215.959961,1218.380005,1205.709961,1211.099976,1211.099976,103521800
2013-07-18,1208.359985,1219.569946,1207.420044,1217.569946,1217.569946,128883000
2013-07-19,1219.150024,1221.209961,1208.709961,1221.209961,1221.209961,100974200
2013-07-22,1221.390015,1225.170044,1210.239990,1213.380005,1213.380005,66674200
2013-07-23,1217.390015,1222.459961,1215.050049,1216.680054,1216.680054,63383400
2013-07-24,1221.630005,1232.609985,1220.079956,1230.339966,1230.339966,73102800
2013-07-25,1227.949951,1232.949951,1220.729980,1232.949951,1232.949951,65580000
2013-07-26,1235.859985,1237.260010,1224.660034,1227.859985,1227.859985,49049400
2013-07-29,1227.800049,1236.290039,1224.890015,1226.979980,1226.979980,44728400
2013-07-30,1230.500000,1238.780029,1230.500000,1236.859985,1236.859985,51069100
2013-07-31,1234.250000,1242.050049,1233.300049,1234.069946,1234.069946,52510500
2013-08-01,1240.660034,1248.380005,1240.099976,1248.380005,1248.380005,55594100
2013-08-02,1250.780029,1252.819946,1246.060059,1250.540039,1250.540039,44641900
2013-08-05,1250.630005,1253.650024,1248.310059,1251.770020,1251.770020,46480800
2013-08-06,1251.160034,1254.000000,1239.949951,1242.119995,1242.119995,60710400
2013-08-07,1239.339966,1244.300049,1236.089966,1240.410034,1240.410034,62672400
2013-08-08,1246.560059,1254.359985,1245.079956,1249.219971,1249.219971,61137600
2013-08-09,1253.140015,1258.069946,1249.939941,1253.790039,1253.790039,64371500
2013-08-12,1255.599976,1257.209961,1250.020020,1253.689941,1253.689941,62952700
2013-08-13,1256.979980,1263.569946,1254.079956,1260.439941,1260.439941,79361400
2013-08-14,1261.849976,1265.880005,1260.199951,1262.479980,1262.479980,57319400
2013-08-15,1258.579956,1258.719971,1238.410034,1245.349976,1245.349976,66809400
2013-08-16,1243.640015,1255.209961,1240.829956,1255.020020,1255.020020,59111800
2013-08-19,1255.319946,1257.449951,1250.170044,1250.839966,1250.839966,67306300
2013-08-20,1245.160034,1248.239990,1236.689941,1247.150024,1247.150024,64213300
2013-08-21,1249.319946,1250.030029,1226.050049,1226.050049,1226.050049,76806200
2013-08-22,1226.560059,1241.439941,1226.560059,1237.140015,1237.140015,67239200
2013-08-23,1238.900024,1243.819946,1234.839966,1243.819946,1243.819946,59738700
2013-08-26,1245.599976,1246.949951,1234.910034,1245.989990,1245.989990,54061600
2013-08-27,1240.890015,1241.410034,1222.439941,1224.849976,1224.849976,90128700
2013-08-28,1208.010010,1226.020020,1206.119995,1218.150024,1218.150024,88445100
2013-08-29,1222.790039,1225.530029,1218.420044,1224.310059,1224.310059,67169400
2013-08-30,1226.170044,1226.229980,1214.020020,1214.349976,1214.349976,80503700
2013-09-02,1222.109985,1232.380005,1220.979980,1230.880005,1230.880005,60100200
2013-09-03,1235.369995,1240.989990,1226.219971,1238.640015,1238.640015,165818800
2013-09-04,1240.479980,1244.589966,1232.709961,1242.520020,1242.520020,90748100
2013-09-05,1241.869995,1250.109985,1241.589966,1243.900024,1243.900024,117630700
2013-09-06,1244.949951,1250.130005,1238.449951,1249.050049,1249.050049,109091800
2013-09-09,1249.439941,1251.050049,1242.489990,1249.109985,1249.109985,70751900
2013-09-10,1255.680054,1268.250000,1255.680054,1268.219971,1268.219971,91962000
2013-09-11,1268.099976,1274.160034,1265.859985,1270.660034,1270.660034,85912900
2013-09-12,1269.819946,1271.380005,1265.180054,1268.300049,1268.300049,96953200
2013-09-13,1266.040039,1266.890015,1262.209961,1265.969971,1265.969971,80713400
2013-09-16,1279.989990,1279.989990,1273.770020,1278.410034,1278.410034,90079100
2013-09-17,1276.140015,1277.530029,1273.619995,1274.219971,1274.219971,70743100
2013-09-18,1275.199951,1277.119995,1271.380005,1276.739990,1276.739990,79463600
2013-09-19,1291.199951,1291.880005,1282.920044,1286.489990,1286.489990,97118500
2013-09-20,1284.800049,1287.010010,1283.189941,1285.780029,1285.780029,80654300
2013-09-23,1284.660034,1286.689941,1273.339966,1274.770020,1274.770020,75502900
2013-09-24,1275.260010,1282.729980,1274.780029,1282.729980,1282.729980,97889900
2013-09-25,1275.209961,1276.650024,1263.030029,1265.689941,1265.689941,152342700
2013-09-26,1275.609985,1277.410034,1272.270020,1275.229980,1275.229980,100124800
2013-09-27,1276.089966,1279.670044,1266.239990,1269.479980,1269.479980,78335200
2013-09-30,1258.209961,1262.140015,1253.290039,1259.599976,1259.599976,88755400
2013-10-01,1261.109985,1269.250000,1258.619995,1268.349976,1268.349976,73357600
2013-10-02,1264.910034,1265.280029,1255.530029,1260.239990,1260.239990,75476700
2013-10-03,1261.699951,1267.979980,1254.569946,1256.270020,1256.270020,84152100
2013-10-04,1255.119995,1258.829956,1250.829956,1251.390015,1251.390015,76836800
2013-10-07,1249.349976,1249.349976,1239.260010,1246.859985,1246.859985,69564600
2013-10-08,1246.589966,1247.849976,1239.920044,1241.819946,1241.819946,77760300
2013-10-09,1239.170044,1245.849976,1234.040039,1235.359985,1235.359985,79239600
2013-10-10,1242.310059,1261.619995,1242.170044,1260.520020,1260.520020,79926700
2013-10-11,1265.099976,1268.010010,1260.239990,1266.390015,1266.390015,63521900
2013-10-14,1261.189941,1262.010010,1254.459961,1258.719971,1258.719971,60132900
2013-10-15,1264.050049,1272.390015,1262.500000,1265.459961,1265.459961,93286900
2013-10-16,1262.390015,1266.939941,1253.770020,1266.010010,1266.010010,81583600
2013-10-17,1267.390015,1269.109985,1257.989990,1266.910034,1266.910034,95713800
2013-10-18,1270.209961,1283.900024,1268.349976,1283.900024,1283.900024,82306500
2013-10-21,1284.800049,1290.760010,1284.239990,1288.550049,1288.550049,74069400
2013-10-22,1291.910034,1300.920044,1291.030029,1300.229980,1300.229980,121677800
2013-10-23,1295.099976,1295.099976,1288.790039,1291.619995,1291.619995,97768200
2013-10-24,1291.130005,1298.660034,1290.020020,1298.599976,1298.599976,117982600
2013-10-25,1291.609985,1291.609985,1284.310059,1290.630005,1290.630005,125041100
2013-10-28,1293.900024,1294.969971,1285.300049,1288.420044,1288.420044,92372000
2013-10-29,1285.010010,1293.699951,1285.010010,1290.780029,1290.780029,91106400
2013-10-30,1292.920044,1295.599976,1287.949951,1291.140015,1291.140015,86961200
2013-10-31,1288.270020,1290.680054,1281.880005,1283.520020,1283.520020,86236000
2013-11-01,1285.449951,1285.489990,1274.949951,1278.420044,1278.420044,39257100
2013-11-04,1283.079956,1286.319946,1279.729980,1281.410034,1281.410034,64587800
2013-11-05,1284.010010,1285.290039,1271.579956,1274.069946,1274.069946,76784700
2013-11-06,1276.719971,1288.140015,1275.119995,1283.479980,1283.479980,96824500
2013-11-07,1284.680054,1296.479980,1279.849976,1284.689941,1284.689941,105801500
2013-11-08,1277.979980,1287.150024,1274.949951,1281.859985,1281.859985,77921800
2013-11-11,1283.959961,1287.989990,1282.670044,1287.709961,1287.709961,52540600
2013-11-12,1288.010010,1288.010010,1278.910034,1279.859985,1279.859985,71947200
2013-11-13,1276.319946,1278.369995,1269.750000,1274.699951,1274.699951,79225000
2013-11-14,1284.459961,1289.459961,1281.839966,1289.170044,1289.170044,79164300
2013-11-15,1291.869995,1296.760010,1289.770020,1295.930054,1295.930054,80363200
2013-11-18,1293.989990,1305.430054,1293.430054,1304.800049,1304.800049,81164600
2013-11-19,1299.339966,1301.170044,1296.410034,1299.510010,1299.510010,64543900
2013-11-20,1296.680054,1298.280029,1289.670044,1294.699951,1294.699951,68146600
2013-11-21,1288.709961,1290.579956,1281.770020,1290.500000,1290.500000,60734500
2013-11-22,1292.369995,1297.869995,1290.449951,1297.869995,1297.869995,61590700
2013-11-25,1301.349976,1306.130005,1301.219971,1306.130005,1306.130005,53476600
2013-11-26,1304.969971,1308.130005,1304.069946,1305.780029,1305.780029,82903300
2013-11-27,1305.569946,1311.469971,1305.219971,1310.130005,1310.130005,51277700
2013-11-28,1310.709961,1316.300049,1310.709961,1315.209961,1315.209961,57845600
2013-11-29,1312.079956,1314.849976,1307.709961,1307.709961,1307.709961,85530600
2013-12-02,1307.750000,1309.089966,1301.109985,1304.579956,1304.579956,59123300
2013-12-03,1305.060059,1305.109985,1278.979980,1281.319946,1281.319946,92406000
2013-12-04,1284.089966,1288.300049,1269.420044,1279.030029,1279.030029,83650600
2013-12-05,1277.510010,1284.199951,1269.510010,1269.510010,1269.510010,77506800
2013-12-06,1273.829956,1278.689941,1263.300049,1274.630005,1274.630005,90141900
2013-12-09,1278.430054,1284.780029,1273.920044,1283.349976,1283.349976,85859900
2013-12-10,1280.130005,1282.670044,1266.959961,1270.199951,1270.199951,94506100
2013-12-11,1267.579956,1276.290039,1265.280029,1268.050049,1268.050049,76028800
2013-12-12,1264.829956,1265.150024,1253.229980,1255.000000,1255.000000,91866600
2013-12-13,1258.180054,1261.810059,1252.689941,1255.709961,1255.709961,78993600
2013-12-16,1257.790039,1269.109985,1254.130005,1269.079956,1269.079956,77198200
2013-12-17,1268.339966,1275.010010,1262.829956,1263.260010,1263.260010,77988400
2013-12-18,1268.489990,1277.459961,1268.489990,1275.119995,1275.119995,95122700
2013-12-19,1286.609985,1296.310059,1286.050049,1293.239990,1293.239990,68952300
2013-12-20,1300.119995,1311.380005,1296.560059,1309.920044,1309.920044,133236000
2013-12-23,1311.520020,1320.560059,1311.520020,1320.560059,1320.560059,70855900
2013-12-27,1326.660034,1335.589966,1326.660034,1334.420044,1334.420044,53204600
2013-12-30,1334.800049,1338.530029,1326.729980,1332.949951,1332.949951,67463100
2014-01-02,1333.979980,1334.709961,1320.760010,1324.349976,1324.349976,76349400
2014-01-03,1324.020020,1330.689941,1320.520020,1325.119995,1325.119995,51771200
2014-01-07,1329.349976,1330.089966,1323.369995,1326.239990,1326.239990,98508800
2014-01-08,1330.250000,1332.219971,1323.199951,1324.829956,1324.829956,94783600
2014-01-09,1327.459961,1332.660034,1322.300049,1323.579956,1323.579956,77907800
2014-01-10,1328.430054,1334.469971,1325.959961,1329.839966,1329.839966,83334800
2014-01-13,1335.010010,1335.520020,1328.329956,1328.650024,1328.650024,71791200
2014-01-14,1321.229980,1325.510010,1313.920044,1323.890015,1323.890015,92257900
2014-01-15,1329.910034,1343.930054,1329.390015,1342.989990,1342.989990,87586700
2014-01-16,1344.300049,1345.219971,1340.119995,1342.650024,1342.650024,86400200
2014-01-17,1342.150024,1351.829956,1341.119995,1350.099976,1350.099976,90925800
2014-01-20,1348.060059,1352.780029,1346.800049,1350.979980,1350.979980,64242600
2014-01-21,1350.859985,1355.369995,1348.660034,1350.020020,1350.020020,106794000
2014-01-22,1351.880005,1358.550049,1349.760010,1355.239990,1355.239990,114913000
2014-01-23,1352.640015,1354.839966,1337.520020,1339.800049,1339.800049,120260500
2014-01-24,1340.140015,1344.689941,1318.479980,1318.530029,1318.530029,104406700
2014-01-27,1317.900024,1318.849976,1307.829956,1317.239990,1317.239990,113296700
2014-01-28,1318.729980,1321.300049,1309.219971,1318.410034,1318.410034,131070100
2014-01-29,1324.930054,1327.250000,1295.609985,1310.130005,1310.130005,166799900
2014-01-30,1302.099976,1311.119995,1297.520020,1302.829956,1302.829956,133525400
2014-01-31,1305.780029,1306.290039,1292.040039,1304.449951,1304.449951,127955800
2014-02-03,1302.800049,1312.319946,1285.209961,1285.910034,1285.910034,107805000
2014-02-04,1279.290039,1283.900024,1275.770020,1280.989990,1280.989990,94796800
2014-02-05,1289.180054,1295.810059,1283.959961,1292.459961,1292.459961,124077700
2014-02-06,1302.010010,1313.829956,1298.030029,1308.140015,1308.140015,157526600
2014-02-07,1314.260010,1315.410034,1308.329956,1313.199951,1313.199951,123709400
2014-02-10,1317.310059,1319.410034,1313.420044,1318.650024,1318.650024,81941100
2014-02-11,1323.569946,1335.119995,1322.520020,1335.119995,1335.119995,85668600
2014-02-12,1339.079956,1341.140015,1330.000000,1330.020020,1330.020020,98009700
2014-02-13,1328.670044,1330.410034,1318.380005,1330.380005,1330.380005,78660500
2014-02-14,1331.140015,1337.140015,1328.719971,1335.890015,1335.890015,68075400
2014-02-17,1338.810059,1345.579956,1338.790039,1342.199951,1342.199951,51947600
2014-02-18,1343.349976,1343.359985,1325.819946,1329.040039,1329.040039,87842800
2014-02-19,1327.780029,1338.000000,1324.630005,1338.000000,1338.000000,77404000
2014-02-20,1326.349976,1341.869995,1325.010010,1341.849976,1341.849976,84262000
2014-02-21,1346.099976,1350.170044,1343.290039,1349.119995,1349.119995,91786500
2014-02-24,1356.119995,1370.109985,1351.329956,1370.109985,1370.109985,123123500
2014-02-25,1367.479980,1372.510010,1363.040039,1371.939941,1371.939941,98765000
2014-02-26,1371.390015,1373.680054,1368.199951,1373.359985,1373.359985,67078800
2014-02-27,1370.900024,1373.660034,1359.119995,1368.829956,1368.829956,74899700
2014-02-28,1367.859985,1371.300049,1363.489990,1369.130005,1369.130005,73837600
2014-03-03,1344.500000,1349.530029,1334.089966,1335.560059,1335.560059,125916400
2014-03-04,1343.660034,1363.510010,1343.660034,1363.439941,1363.439941,111612600
2014-03-05,1364.099976,1368.140015,1361.989990,1364.920044,1364.920044,102688000
2014-03-06,1370.609985,1376.449951,1370.500000,1374.319946,1374.319946,93998800
2014-03-07,1372.520020,1376.319946,1356.599976,1358.359985,1358.359985,94063500
2014-03-10,1356.250000,1367.189941,1354.349976,1359.930054,1359.930054,71951100
2014-03-11,1363.479980,1365.530029,1353.239990,1359.180054,1359.180054,90172600
2014-03-12,1354.839966,1355.219971,1342.680054,1346.359985,1346.359985,85577600
2014-03-13,1349.439941,1351.250000,1336.699951,1337.229980,1337.229980,78756200
2014-03-14,1324.180054,1329.949951,1317.920044,1326.819946,1326.819946,98127800
2014-03-17,1328.489990,1350.479980,1327.239990,1349.390015,1349.390015,76900700
2014-03-18,1347.079956,1362.079956,1344.040039,1359.069946,1359.069946,89819100
2014-03-19,1359.640015,1362.939941,1356.630005,1360.479980,1360.479980,91968800
2014-03-20,1349.390015,1352.469971,1342.709961,1352.469971,1352.469971,93480200
2014-03-21,1348.609985,1354.890015,1345.780029,1351.430054,1351.430054,131459300
2014-03-24,1352.060059,1353.660034,1335.500000,1335.500000,1335.500000,104432200
2014-03-25,1337.819946,1350.770020,1337.819946,1350.670044,1350.670044,107727100
2014-03-26,1350.550049,1359.280029,1349.459961,1351.479980,1351.479980,93185400
2014-03-27,1341.849976,1344.290039,1337.359985,1341.689941,1341.689941,104680400
2014-03-28,1345.920044,1350.260010,1342.770020,1346.479980,1346.479980,81636600
2014-03-31,1350.869995,1365.030029,1349.819946,1364.969971,1364.969971,93461800
2014-04-01,1367.459961,1377.380005,1367.449951,1375.010010,1375.010010,88405300
2014-04-02,1377.469971,1382.130005,1374.180054,1377.500000,1377.500000,82808800
2014-04-03,1372.859985,1375.170044,1368.349976,1368.880005,1368.880005,95459000
2014-04-04,1366.410034,1376.479980,1366.410034,1369.689941,1369.689941,80156000
2014-04-07,1360.750000,1363.729980,1356.650024,1357.310059,1357.310059,92002000
2014-04-08,1359.310059,1363.520020,1352.170044,1361.530029,1361.530029,88967500
2014-04-09,1365.339966,1371.650024,1364.400024,1366.530029,1366.530029,85301100
2014-04-10,1372.369995,1373.319946,1354.989990,1354.989990,1354.989990,88805200
2014-04-11,1345.030029,1348.430054,1330.709961,1344.119995,1344.119995,111520300
2014-04-14,1334.500000,1349.969971,1332.119995,1348.219971,1348.219971,84292000
2014-04-15,1349.819946,1351.729980,1328.819946,1329.280029,1329.280029,84429100
2014-04-16,1338.520020,1342.550049,1336.640015,1342.550049,1342.550049,67416600
2014-04-17,1344.449951,1345.750000,1338.930054,1341.560059,1341.560059,37687700
2014-04-22,1355.670044,1369.449951,1354.540039,1369.449951,1369.449951,85253300
2014-04-23,1363.640015,1364.349976,1352.469971,1353.060059,1353.060059,108958100
2014-04-24,1358.839966,1369.380005,1351.060059,1365.270020,1365.270020,118011400
2014-04-25,1362.890015,1368.329956,1357.729980,1360.349976,1360.349976,99772200
2014-04-28,1366.359985,1368.390015,1353.479980,1357.560059,1357.560059,97015600
2014-04-29,1358.699951,1371.709961,1358.410034,1371.650024,1371.650024,132853000
2014-04-30,1363.599976,1367.800049,1362.900024,1364.390015,1364.390015,56567000
2014-05-02,1369.310059,1369.310059,1357.920044,1360.189941,1360.189941,88475300
2014-05-05,1357.599976,1362.609985,1346.310059,1358.589966,1358.589966,67680800
2014-05-06,1361.680054,1364.599976,1350.739990,1352.979980,1352.979980,83604900
2014-05-07,1347.500000,1352.790039,1341.829956,1343.130005,1343.130005,94218800
2014-05-08,1345.410034,1359.130005,1345.410034,1359.130005,1359.130005,82849600
2014-05-09,1357.030029,1358.770020,1351.229980,1354.339966,1354.339966,69609100
2014-05-12,1357.479980,1364.810059,1357.479980,1364.780029,1364.780029,81925400
2014-05-13,1367.959961,1373.619995,1367.650024,1373.619995,1373.619995,86022200
2014-05-14,1372.380005,1375.930054,1369.449951,1375.930054,1375.930054,66783600
2014-05-15,1381.050049,1386.500000,1376.500000,1385.839966,1385.839966,117601000
2014-05-16,1381.569946,1384.180054,1377.400024,1382.140015,1382.140015,82709100
2014-05-19,1378.459961,1382.420044,1372.339966,1379.920044,1379.920044,90013100
2014-05-20,1380.819946,1384.369995,1380.010010,1381.270020,1381.270020,82670200
2014-05-21,1378.739990,1389.050049,1374.660034,1385.859985,1385.859985,83401200
2014-05-22,1387.109985,1391.000000,1384.109985,1388.520020,1388.520020,73926100
2014-05-23,1388.089966,1392.300049,1382.540039,1392.280029,1392.280029,65014900
2014-05-26,1396.069946,1397.469971,1393.569946,1394.150024,1394.150024,43884000
2014-05-27,1394.010010,1399.339966,1389.030029,1395.390015,1395.390015,62377100
2014-05-28,1397.660034,1397.719971,1389.739990,1392.849976,1392.849976,36035800
2014-05-30,1393.160034,1404.630005,1393.160034,1402.079956,1402.079956,85574400
2014-06-02,1406.260010,1406.260010,1397.900024,1399.400024,1399.400024,79070800
2014-06-03,1398.819946,1398.859985,1392.189941,1395.770020,1395.770020,59373900
2014-06-04,1393.300049,1397.900024,1391.839966,1397.469971,1397.469971,55355800
2014-06-05,1396.239990,1401.229980,1391.199951,1391.199951,1391.199951,92129800
2014-06-09,1405.000000,1406.439941,1400.959961,1406.439941,1406.439941,72926000
2014-06-10,1401.699951,1406.739990,1401.500000,1406.219971,1406.219971,68668200
2014-06-11,1408.969971,1410.089966,1398.280029,1400.349976,1400.349976,68972100
2014-06-12,1401.869995,1402.660034,1395.489990,1397.670044,1397.670044,60889700
2014-06-13,1397.329956,1397.390015,1383.290039,1390.150024,1390.150024,67444300
2014-06-16,1387.930054,1392.160034,1380.280029,1382.979980,1382.979980,73859500
2014-06-17,1384.000000,1390.089966,1380.170044,1384.270020,1384.270020,60548000
2014-06-18,1386.510010,1389.609985,1378.420044,1378.420044,1378.420044,76619800
2014-06-19,1387.199951,1391.520020,1383.229980,1386.040039,1386.040039,76847900
2014-06-23,1388.640015,1399.170044,1381.229980,1396.079956,1396.079956,70950900
2014-06-24,1397.020020,1400.560059,1393.000000,1400.369995,1400.369995,75028200
2014-06-25,1393.739990,1393.819946,1375.260010,1380.500000,1380.500000,76030600
2014-06-26,1380.390015,1383.160034,1369.650024,1372.380005,1372.380005,58572400
2014-06-27,1374.359985,1379.020020,1372.699951,1379.020020,1379.020020,54240400
2014-06-30,1380.209961,1384.130005,1375.040039,1376.810059,1376.810059,58723800
2014-07-01,1377.869995,1384.359985,1372.880005,1384.359985,1384.359985,63185400
2014-07-02,1385.770020,1390.020020,1384.709961,1388.109985,1388.109985,55064300
2014-07-03,1390.459961,1409.439941,1390.010010,1409.439941,1409.439941,87331700
2014-07-04,1408.709961,1409.170044,1399.939941,1399.939941,1399.939941,49272000
2014-07-07,1399.390015,1404.680054,1396.349976,1397.109985,1397.109985,50356900
2014-07-08,1398.560059,1399.880005,1381.589966,1381.589966,1381.589966,60257600
2014-07-09,1383.719971,1385.430054,1376.680054,1379.770020,1379.770020,49516700
2014-07-10,1379.089966,1379.089966,1355.550049,1357.819946,1357.819946,74189300
2014-07-11,1359.449951,1366.530029,1356.239990,1362.349976,1362.349976,58771500
2014-07-14,1369.000000,1383.040039,1367.959961,1382.550049,1382.550049,55312600
2014-07-15,1384.189941,1386.030029,1368.829956,1372.250000,1372.250000,66758300
2014-07-16,1374.859985,1393.119995,1374.859985,1393.119995,1393.119995,74874800
2014-07-17,1389.699951,1390.880005,1376.359985,1376.359985,1376.359985,91917600
2014-07-18,1379.170044,1388.819946,1373.449951,1387.369995,1387.369995,127989900
2014-07-21,1388.280029,1389.920044,1378.640015,1383.530029,1383.530029,70095800
2014-07-22,1389.989990,1399.089966,1389.979980,1399.089966,1399.089966,64100800
2014-07-23,1396.359985,1401.910034,1395.339966,1398.130005,1398.130005,65132900
2014-07-24,1398.599976,1407.550049,1397.040039,1405.699951,1405.699951,66714200
2014-07-25,1403.040039,1408.569946,1401.000000,1404.119995,1404.119995,48937500
2014-07-28,1405.660034,1408.199951,1395.229980,1400.869995,1400.869995,43565300
2014-07-29,1403.380005,1404.719971,1397.180054,1397.890015,1397.890015,42021700
2014-07-30,1399.310059,1402.959961,1395.859985,1398.229980,1398.229980,46048100
2014-07-31,1400.020020,1400.359985,1377.290039,1379.869995,1379.869995,67470700
2014-08-01,1378.890015,1383.550049,1360.530029,1361.439941,1361.439941,67747100
2014-08-04,1369.170044,1371.540039,1360.140015,1361.030029,1361.030029,49870100
2014-08-05,1364.510010,1368.290039,1360.469971,1366.130005,1366.130005,54222400
2014-08-06,1358.390015,1358.479980,1342.189941,1344.300049,1344.300049,80382100
2014-08-07,1344.689941,1349.699951,1334.060059,1334.400024,1334.400024,67128600
2014-08-08,1325.000000,1333.849976,1320.989990,1331.560059,1331.560059,72126500
2014-08-11,1341.449951,1358.160034,1339.829956,1357.359985,1357.359985,64975200
2014-08-12,1356.500000,1356.500000,1346.930054,1349.959961,1349.959961,62405900
2014-08-13,1356.199951,1361.819946,1354.810059,1361.819946,1361.819946,64219000
2014-08-14,1355.489990,1357.640015,1350.040039,1353.939941,1353.939941,55145400
2014-08-15,1359.540039,1368.510010,1352.979980,1352.979980,1352.979980,66501600
2014-08-18,1365.069946,1369.319946,1362.319946,1369.319946,1369.319946,46569300
2014-08-19,1371.699951,1376.609985,1369.599976,1376.609985,1376.609985,54331800
2014-08-20,1376.189941,1381.020020,1367.869995,1373.500000,1373.500000,58174800
2014-08-21,1375.750000,1385.180054,1373.380005,1385.030029,1385.030029,67773100
2014-08-22,1386.140015,1388.069946,1378.170044,1382.719971,1382.719971,52513800
2014-08-25,1391.560059,1394.689941,1385.560059,1394.689941,1394.689941,46665600
2014-08-26,1393.359985,1397.540039,1388.729980,1397.540039,1397.540039,55468900
2014-08-27,1397.650024,1398.479980,1392.810059,1397.410034,1397.410034,54564200
2014-08-28,1393.640015,1394.829956,1380.589966,1383.030029,1383.030029,76118400
2014-08-29,1386.479980,1388.989990,1382.099976,1388.890015,1388.890015,66687000
2014-09-01,1390.630005,1393.589966,1382.469971,1386.969971,1386.969971,52905600
2014-09-02,1390.369995,1391.939941,1384.689941,1387.939941,1387.939941,57161100
2014-09-03,1393.250000,1402.180054,1391.880005,1398.479980,1398.479980,79186700
2014-09-04,1396.459961,1402.339966,1392.199951,1397.989990,1397.989990,80404200
2014-09-05,1397.079956,1398.050049,1384.859985,1388.390015,1388.390015,75693000
2014-09-08,1389.949951,1392.729980,1383.349976,1392.729980,1392.729980,67090400
2014-09-09,1389.380005,1391.310059,1382.560059,1382.780029,1382.780029,73203100
2014-09-10,1378.819946,1388.310059,1376.180054,1387.380005,1387.380005,74475800
2014-09-11,1392.290039,1394.050049,1378.439941,1382.849976,1382.849976,83779300
2014-09-12,1383.290039,1389.599976,1383.119995,1388.589966,1388.589966,60328100
2014-09-15,1382.119995,1396.869995,1380.219971,1393.219971,1393.219971,62511200
2014-09-16,1392.319946,1395.290039,1384.550049,1395.290039,1395.290039,68389600
2014-09-17,1399.449951,1409.119995,1399.290039,1407.040039,1407.040039,71976300
2014-09-18,1407.290039,1416.800049,1406.839966,1416.790039,1416.790039,82579700
2014-09-19,1424.219971,1424.219971,1418.229980,1421.479980,1421.479980,94950700
2014-09-22,1416.250000,1423.599976,1412.790039,1418.290039,1418.290039,72992100
2014-09-23,1416.709961,1417.479980,1405.319946,1405.319946,1405.319946,102297600
2014-09-24,1405.500000,1411.229980,1399.400024,1411.229980,1411.229980,96157000
2014-09-25,1408.199951,1413.880005,1391.010010,1393.089966,1393.089966,90015800
2014-09-26,1394.079956,1400.310059,1387.310059,1396.199951,1396.199951,74080500
2014-09-29,1397.099976,1400.109985,1384.089966,1392.390015,1392.390015,60114700
2014-09-30,1393.750000,1403.219971,1390.890015,1403.000000,1403.000000,92260800
2014-10-01,1396.479980,1399.800049,1381.589966,1381.589966,1381.589966,91865100
2014-10-02,1382.099976,1382.219971,1353.930054,1353.930054,1353.930054,93888600
2014-10-03,1362.469971,1371.420044,1360.969971,1369.520020,1369.520020,70507600
2014-10-06,1374.869995,1380.729980,1365.670044,1365.709961,1365.709961,71789000
2014-10-07,1364.040039,1364.040039,1337.630005,1337.630005,1337.630005,99528700
2014-10-08,1333.300049,1336.430054,1325.989990,1331.829956,1331.829956,92358200
2014-10-09,1345.439941,1348.810059,1316.150024,1322.310059,1322.310059,105996600
2014-10-10,1310.239990,1316.930054,1297.459961,1302.339966,1302.339966,112371000
2014-10-13,1292.479980,1308.020020,1289.329956,1294.640015,1294.640015,86439300
2014-10-14,1290.109985,1308.930054,1287.729980,1307.859985,1307.859985,114656200
2014-10-15,1308.750000,1309.030029,1269.910034,1269.910034,1269.910034,146778100
2014-10-16,1276.410034,1285.329956,1246.560059,1271.010010,1271.010010,173247500
2014-10-17,1274.160034,1310.459961,1267.780029,1310.459961,1310.459961,132124900
2014-10-20,1310.459961,1310.829956,1293.239990,1306.439941,1306.439941,105786900
2014-10-21,1306.949951,1338.119995,1301.510010,1338.119995,1338.119995,128065900
2014-10-22,1343.780029,1348.150024,1334.130005,1344.339966,1344.339966,111846200
2014-10-23,1345.390015,1363.699951,1336.109985,1361.880005,1361.880005,117755000
2014-10-24,1367.339966,1367.339966,1353.819946,1358.569946,1358.569946,123410700
2014-10-27,1373.920044,1374.069946,1348.790039,1360.329956,1360.329956,95895800
2014-10-28,1366.939941,1381.290039,1364.859985,1380.829956,1380.829956,110014700
2014-10-29,1385.949951,1393.459961,1383.479980,1389.949951,1389.949951,97180100
2014-10-30,1396.390015,1398.020020,1379.910034,1397.180054,1397.180054,88454100
2014-10-31,1413.430054,1414.079956,1404.189941,1412.839966,1412.839966,54650100
2014-11-03,1413.689941,1414.930054,1396.229980,1399.050049,1399.050049,84075400
2014-11-04,1398.589966,1407.510010,1397.339966,1399.869995,1399.869995,83275200
2014-11-05,1407.849976,1414.089966,1406.489990,1414.089966,1414.089966,86403700
2014-11-06,1409.369995,1422.609985,1406.310059,1415.300049,1415.300049,109312600
2014-11-07,1419.359985,1422.109985,1404.979980,1410.880005,1410.880005,79948000
2014-11-10,1410.229980,1417.949951,1406.709961,1417.819946,1417.819946,59821000
2014-11-11,1420.439941,1425.060059,1418.780029,1424.930054,1424.930054,67533800
2014-11-12,1424.920044,1426.140015,1408.859985,1408.859985,1408.859985,71172000
2014-11-13,1417.680054,1423.130005,1412.680054,1422.760010,1422.760010,77097100
2014-11-14,1424.400024,1424.400024,1411.579956,1415.599976,1415.599976,68520500
2014-11-17,1409.469971,1421.819946,1408.349976,1419.920044,1419.920044,56352100
2014-11-18,1421.290039,1432.380005,1419.310059,1432.380005,1432.380005,76922500
2014-11-19,1432.250000,1432.579956,1426.040039,1428.010010,1428.010010,59938500
2014-11-20,1429.369995,1430.410034,1418.609985,1423.709961,1423.709961,76496600
2014-11-21,1424.930054,1447.530029,1424.160034,1447.530029,1447.530029,104511100
2014-11-24,1445.750000,1456.589966,1445.150024,1456.589966,1456.589966,71481000
2014-11-25,1455.579956,1467.969971,1455.349976,1467.359985,1467.359985,83968900
2014-11-26,1467.869995,1474.890015,1455.500000,1457.810059,1457.810059,64787600
2014-11-27,1460.319946,1467.310059,1458.619995,1465.959961,1465.959961,49913300
2014-11-28,1466.069946,1466.150024,1453.770020,1461.339966,1461.339966,82823200
2014-12-01,1454.209961,1456.900024,1447.780029,1450.030029,1450.030029,79058300
2014-12-02,1455.819946,1463.439941,1447.969971,1450.069946,1450.069946,74997600
2014-12-03,1452.150024,1466.020020,1452.130005,1464.839966,1464.839966,79110600
2014-12-04,1467.739990,1471.920044,1447.180054,1447.819946,1447.819946,83995100
2014-12-05,1457.410034,1474.699951,1455.930054,1474.699951,1474.699951,76363800
2014-12-08,1470.310059,1472.660034,1466.189941,1467.880005,1467.880005,54877500
2014-12-09,1457.400024,1466.469971,1447.959961,1452.239990,1452.239990,82331900
2014-12-10,1454.810059,1462.709961,1450.489990,1452.800049,1452.800049,0
2014-12-11,1450.150024,1459.449951,1445.449951,1454.449951,1454.449951,0
2014-12-12,1448.890015,1450.459961,1425.859985,1425.859985,1425.859985,0
2014-12-15,1428.369995,1438.390015,1408.750000,1408.750000,1408.750000,0
2014-12-16,1411.359985,1414.599976,1386.609985,1413.579956,1413.579956,0
2014-12-17,1402.140015,1409.119995,1397.800049,1405.349976,1405.349976,0
2014-12-18,1424.010010,1441.849976,1419.989990,1441.849976,1441.849976,0
2014-12-19,1452.060059,1456.510010,1435.270020,1452.359985,1452.359985,0
2014-12-22,1453.660034,1465.329956,1453.660034,1461.750000,1461.750000,0
2014-12-23,1462.109985,1472.000000,1460.180054,1470.489990,1470.489990,0
2014-12-29,1473.010010,1479.369995,1470.660034,1478.930054,1478.930054,0
2014-12-30,1475.489990,1476.329956,1463.130005,1464.550049,1464.550049,0
2015-01-02,1470.550049,1472.609985,1460.670044,1463.780029,1463.780029,0
2015-01-05,1460.890015,1467.689941,1453.530029,1454.810059,1454.810059,0
2015-01-07,1432.300049,1441.310059,1421.339966,1421.339966,1421.339966,0
2015-01-08,1439.199951,1458.170044,1428.540039,1456.719971,1456.719971,0
2015-01-09,1453.510010,1460.989990,1439.150024,1444.459961,1444.459961,0
2015-01-12,1455.540039,1460.109985,1444.550049,1453.640015,1453.640015,0
2015-01-13,1451.119995,1468.849976,1449.839966,1465.660034,1465.660034,0
2015-01-14,1454.849976,1459.689941,1434.790039,1434.790039,1434.790039,0
2015-01-15,1446.459961,1458.000000,1421.839966,1457.359985,1457.359985,0
2015-01-16,1451.469971,1470.469971,1447.410034,1468.900024,1468.900024,0
2015-01-19,1473.849976,1479.810059,1466.780029,1476.310059,1476.310059,0
2015-01-20,1480.859985,1498.270020,1480.619995,1491.589966,1491.589966,0
2015-01-21,1496.280029,1501.219971,1483.260010,1501.219971,1501.219971,0
2015-01-22,1503.959961,1526.459961,1501.479980,1523.800049,1523.800049,0
2015-01-23,1533.170044,1540.910034,1530.359985,1536.390015,1536.390015,0
2015-01-26,1530.400024,1554.699951,1527.359985,1554.699951,1554.699951,0
2015-01-27,1548.969971,1554.660034,1525.439941,1533.369995,1533.369995,0
2015-01-28,1548.189941,1562.540039,1539.150024,1562.540039,1562.540039,0
2015-01-29,1554.839966,1570.839966,1550.109985,1570.390015,1570.390015,0
2015-01-30,1575.979980,1582.099976,1572.550049,1573.619995,1573.619995,0
2015-02-02,1576.170044,1579.020020,1567.630005,1575.949951,1575.949951,0
2015-02-03,1581.449951,1594.630005,1581.160034,1593.420044,1593.420044,0
2015-02-04,1592.030029,1596.270020,1574.000000,1579.310059,1579.310059,0
2015-02-05,1573.290039,1588.319946,1572.719971,1586.130005,1586.130005,0
2015-02-06,1586.510010,1601.119995,1580.989990,1599.550049,1599.550049,0
2015-02-09,1591.150024,1593.180054,1582.560059,1591.400024,1591.400024,0
2015-02-10,1592.199951,1605.939941,1583.040039,1602.739990,1602.739990,0
2015-02-11,1600.609985,1604.969971,1589.359985,1593.030029,1593.030029,0
2015-02-12,1594.599976,1631.270020,1594.300049,1624.349976,1624.349976,0
2015-02-13,1630.790039,1643.849976,1628.479980,1642.040039,1642.040039,0
2015-02-16,1640.040039,1644.290039,1637.170044,1644.290039,1644.290039,0
2015-02-17,1638.619995,1639.079956,1625.189941,1630.989990,1630.989990,0
2015-02-18,1634.670044,1652.380005,1634.670044,1652.150024,1652.150024,0
2015-02-19,1648.180054,1662.239990,1642.599976,1662.239990,1662.239990,0
2015-02-20,1659.849976,1665.069946,1652.849976,1664.329956,1664.329956,0
2015-02-23,1672.829956,1679.489990,1667.680054,1679.479980,1679.479980,0
2015-02-24,1680.849976,1685.650024,1666.930054,1683.920044,1683.920044,0
2015-02-25,1681.750000,1685.670044,1675.380005,1678.729980,1678.729980,0
2015-02-26,1678.199951,1686.050049,1678.199951,1684.829956,1684.829956,0
2015-02-27,1685.859985,1695.369995,1679.209961,1691.030029,1691.030029,0
2015-03-02,1691.439941,1701.069946,1675.979980,1686.640015,1686.640015,0
2015-03-03,1687.689941,1694.290039,1660.290039,1661.869995,1661.869995,0
2015-03-04,1662.160034,1667.189941,1643.619995,1664.500000,1664.500000,0
2015-03-05,1669.550049,1678.540039,1669.109985,1669.560059,1669.560059,87964700
2015-03-06,1670.900024,1675.290039,1661.650024,1662.550049,1662.550049,0
2015-03-09,1658.910034,1666.050049,1642.459961,1660.359985,1660.359985,0
2015-03-10,1657.280029,1661.780029,1640.250000,1641.709961,1641.709961,0
2015-03-11,1636.680054,1667.910034,1634.800049,1663.310059,1663.310059,0
2015-03-12,1663.140015,1666.780029,1653.239990,1661.689941,1661.689941,0
2015-03-13,1669.030029,1669.739990,1660.469971,1665.130005,1665.130005,0
2015-03-16,1671.329956,1690.270020,1671.060059,1689.670044,1689.670044,0
2015-03-17,1689.890015,1691.640015,1666.739990,1675.880005,1675.880005,0
2015-03-18,1678.140015,1710.170044,1674.250000,1703.959961,1703.959961,0
2015-03-19,1706.130005,1719.439941,1699.310059,1707.500000,1707.500000,0
2015-03-20,1698.550049,1710.920044,1696.479980,1710.869995,1710.869995,0
2015-03-23,1708.099976,1708.569946,1695.369995,1698.380005,1698.380005,0
2015-03-24,1701.969971,1704.050049,1691.959961,1701.290039,1701.290039,0
2015-03-25,1700.989990,1705.560059,1688.989990,1694.390015,1694.390015,0
2015-03-26,1674.979980,1675.939941,1654.040039,1675.609985,1675.609985,0
2015-03-27,1673.369995,1681.619995,1662.310059,1662.560059,1662.560059,0
2015-03-30,1670.709961,1687.170044,1669.520020,1687.170044,1687.170044,0
2015-03-31,1685.969971,1689.219971,1666.739990,1667.729980,1667.729980,0
2015-04-01,1661.790039,1677.670044,1654.989990,1669.489990,1669.489990,0
2015-04-02,1671.180054,1675.569946,1668.859985,1675.520020,1675.520020,0
2015-04-07,1691.310059,1700.630005,1687.959961,1697.430054,1697.430054,0
2015-04-08,1696.760010,1701.579956,1686.260010,1686.770020,1686.770020,0
2015-04-09,1688.489990,1695.939941,1687.160034,1695.939941,1695.939941,0
2015-04-10,1695.800049,1699.979980,1692.540039,1699.959961,1699.959961,0
2015-04-13,1700.869995,1701.079956,1688.609985,1700.359985,1700.359985,0
2015-04-14,1699.739990,1709.010010,1694.979980,1701.390015,1701.390015,0
2015-04-15,1699.800049,1714.619995,1699.479980,1710.609985,1710.609985,0
2015-04-16,1710.589966,1710.829956,1690.930054,1690.930054,1690.930054,0
2015-04-17,1687.579956,1690.079956,1655.719971,1655.719971,1655.719971,0
2015-04-20,1658.880005,1678.390015,1658.880005,1678.280029,1678.280029,0
2015-04-21,1683.500000,1697.500000,1679.359985,1694.729980,1694.729980,0
2015-04-22,1698.140015,1713.479980,1685.599976,1706.250000,1706.250000,0
2015-04-23,1708.479980,1716.890015,1681.260010,1689.770020,1689.770020,0
2015-04-24,1694.569946,1700.229980,1689.890015,1698.510010,1698.510010,0
2015-04-27,1705.579956,1720.020020,1697.810059,1719.930054,1719.930054,0
2015-04-28,1713.790039,1715.900024,1671.510010,1679.520020,1679.520020,0
2015-04-29,1686.060059,1691.040039,1632.680054,1636.180054,1636.180054,0
2015-04-30,1633.479980,1642.969971,1615.449951,1628.040039,1628.040039,0
2015-05-04,1644.300049,1644.300049,1630.290039,1634.099976,1634.099976,0
2015-05-05,1631.550049,1640.680054,1595.380005,1595.479980,1595.479980,0
2015-05-06,1594.650024,1602.479980,1573.900024,1584.180054,1584.180054,0
2015-05-07,1577.329956,1594.420044,1558.160034,1587.650024,1587.650024,0
2015-05-08,1603.130005,1619.010010,1580.130005,1616.449951,1616.449951,0
2015-05-11,1614.739990,1625.170044,1607.650024,1617.030029,1617.030029,0
2015-05-12,1609.189941,1609.890015,1589.660034,1600.099976,1600.099976,0
2015-05-13,1604.000000,1622.030029,1603.949951,1622.010010,1622.010010,0
2015-05-15,1629.709961,1637.109985,1615.020020,1616.479980,1616.479980,0
2015-05-18,1621.329956,1626.790039,1611.589966,1622.569946,1622.569946,0
2015-05-19,1628.199951,1637.050049,1620.760010,1633.260010,1633.260010,0
2015-05-20,1633.969971,1637.699951,1626.589966,1637.489990,1637.489990,0
2015-05-21,1633.260010,1642.189941,1627.800049,1642.189941,1642.189941,0
2015-05-22,1644.089966,1653.709961,1639.390015,1648.459961,1648.459961,0
2015-05-25,1650.109985,1650.689941,1639.099976,1650.689941,1650.689941,0
2015-05-26,1650.060059,1656.979980,1636.160034,1638.489990,1638.489990,0
2015-05-27,1642.489990,1664.160034,1637.790039,1664.079956,1664.079956,0
2015-05-28,1661.609985,1668.479980,1657.989990,1667.060059,1667.060059,0
2015-05-29,1669.130005,1669.130005,1644.989990,1644.989990,1644.989990,0
2015-06-01,1648.469971,1656.849976,1644.760010,1649.589966,1649.589966,0
2015-06-02,1657.589966,1657.589966,1629.939941,1638.650024,1638.650024,0
2015-06-03,1642.260010,1650.280029,1632.270020,1641.689941,1641.689941,0
2015-06-04,1638.739990,1639.260010,1618.839966,1625.020020,1625.020020,0
2015-06-05,1616.949951,1616.949951,1601.160034,1606.459961,1606.459961,0
2015-06-08,1602.839966,1608.239990,1589.569946,1589.569946,1589.569946,0
2015-06-09,1588.310059,1594.459961,1569.459961,1587.839966,1587.839966,0
2015-06-10,1584.829956,1613.030029,1578.849976,1610.380005,1610.380005,0
2015-06-11,1609.400024,1618.660034,1596.479980,1604.890015,1604.890015,0
2015-06-12,1605.540039,1611.400024,1588.430054,1597.329956,1597.329956,0
2015-06-15,1584.359985,1586.380005,1561.520020,1566.989990,1566.989990,0
2015-06-16,1558.270020,1585.800049,1548.680054,1582.229980,1582.229980,0
2015-06-17,1582.900024,1584.270020,1565.859985,1567.459961,1567.459961,0
2015-06-18,1564.010010,1565.229980,1538.469971,1562.430054,1562.430054,0
2015-06-22,1591.520020,1606.619995,1581.630005,1606.619995,1606.619995,0
2015-06-23,1614.459961,1628.239990,1611.540039,1620.949951,1620.949951,0
2015-06-24,1623.869995,1627.569946,1606.750000,1611.500000,1611.500000,0
2015-06-25,1599.939941,1613.170044,1594.900024,1601.119995,1601.119995,0
2015-06-26,1593.599976,1614.300049,1584.030029,1608.260010,1608.260010,0
2015-06-29,1550.300049,1585.780029,1545.579956,1559.800049,1559.800049,0
2015-06-30,1556.680054,1561.339966,1537.930054,1541.660034,1541.660034,0
2015-07-01,1550.640015,1582.099976,1546.420044,1575.500000,1575.500000,0
2015-07-02,1573.819946,1577.770020,1560.630005,1562.099976,1562.099976,0
2015-07-03,1564.290039,1564.290039,1544.550049,1553.599976,1553.599976,0
2015-07-06,1530.989990,1539.459961,1525.900024,1526.939941,1526.939941,0
2015-07-07,1535.890015,1541.709961,1516.089966,1516.119995,1516.119995,0
2015-07-08,1519.599976,1528.609985,1507.010010,1520.880005,1520.880005,0
2015-07-09,1527.430054,1552.040039,1524.479980,1549.589966,1549.589966,0
2015-07-10,1579.540039,1590.540039,1570.630005,1590.540039,1590.540039,0
2015-07-13,1601.140015,1616.560059,1601.140015,1614.420044,1614.420044,0
2015-07-14,1612.170044,1616.560059,1607.140015,1616.250000,1616.250000,0
2015-07-15,1611.920044,1612.550049,1600.400024,1601.969971,1601.969971,0
2015-07-16,1611.810059,1639.180054,1611.189941,1636.119995,1636.119995,0
2015-07-17,1648.479980,1648.810059,1630.020020,1635.469971,1635.469971,0
2015-07-20,1641.479980,1655.819946,1641.479980,1653.439941,1653.439941,0
2015-07-21,1657.430054,1658.930054,1634.869995,1636.420044,1636.420044,0
2015-07-22,1631.250000,1633.349976,1621.270020,1621.270020,1621.270020,0
2015-07-23,1635.530029,1636.489990,1617.400024,1619.810059,1619.810059,0
2015-07-24,1618.609985,1626.719971,1611.189941,1612.800049,1612.800049,0
2015-07-27,1607.160034,1608.060059,1581.069946,1581.329956,1581.329956,0
2015-07-28,1587.579956,1594.859985,1578.390015,1588.219971,1588.219971,0
2015-07-29,1596.729980,1603.319946,1583.079956,1597.859985,1597.859985,0
2015-07-30,1605.839966,1609.380005,1592.189941,1603.500000,1603.500000,0
2015-07-31,1606.609985,1615.640015,1600.449951,1615.640015,1615.640015,0
2015-08-03,1615.439941,1621.729980,1610.489990,1618.280029,1618.280029,0
2015-08-04,1616.560059,1616.900024,1606.540039,1611.880005,1611.880005,0
2015-08-05,1615.630005,1630.010010,1615.630005,1627.420044,1627.420044,0
2015-08-06,1626.550049,1627.479980,1619.420044,1621.560059,1621.560059,0
2015-08-07,1621.349976,1622.939941,1612.280029,1612.280029,1612.280029,0
2015-08-10,1621.349976,1636.630005,1608.270020,1636.540039,1636.540039,0
2015-08-11,1633.819946,1638.119995,1611.609985,1614.719971,1614.719971,0
2015-08-12,1604.030029,1604.030029,1573.119995,1575.040039,1575.040039,0
2015-08-13,1597.390015,1599.609985,1586.290039,1594.150024,1594.150024,0
2015-08-14,1594.880005,1598.290039,1583.339966,1586.829956,1586.829956,0
2015-08-17,1598.689941,1603.680054,1578.410034,1592.810059,1592.810059,0
2015-08-18,1587.079956,1592.839966,1580.390015,1583.530029,1583.530029,0
2015-08-19,1576.859985,1576.859985,1553.270020,1553.510010,1553.510010,0
2015-08-20,1546.819946,1553.540039,1532.959961,1534.390015,1534.390015,0
2015-08-21,1516.189941,1530.709961,1495.359985,1495.359985,1495.359985,0
2015-08-24,1451.780029,1471.650024,1405.010010,1428.079956,1428.079956,0
2015-08-25,1446.859985,1487.260010,1440.979980,1483.349976,1483.349976,0
2015-08-26,1465.869995,1490.479980,1444.630005,1458.199951,1458.199951,0
2015-08-27,1494.489990,1505.880005,1485.670044,1502.859985,1502.859985,0
2015-08-28,1506.839966,1509.709961,1490.459961,1509.709961,1509.709961,0
2015-08-31,1502.829956,1504.550049,1486.609985,1501.069946,1501.069946,0
2015-09-01,1487.270020,1489.069946,1460.670044,1469.869995,1469.869995,0
2015-09-02,1477.390015,1486.130005,1464.410034,1471.510010,1471.510010,0
2015-09-03,1487.900024,1506.530029,1479.130005,1500.209961,1500.209961,0
2015-09-04,1485.479980,1486.050049,1459.489990,1461.459961,1461.459961,86107000
2015-09-07,1473.449951,1479.880005,1466.199951,1471.750000,1471.750000,0
2015-09-08,1482.959961,1499.469971,1480.670044,1488.880005,1488.880005,0
2015-09-09,1518.500000,1524.229980,1505.989990,1507.150024,1507.150024,0
2015-09-10,1495.050049,1505.660034,1487.910034,1494.349976,1494.349976,0
2015-09-11,1498.359985,1499.119995,1484.180054,1488.410034,1488.410034,0
2015-09-14,1489.020020,1491.819946,1462.760010,1467.729980,1467.729980,0
2015-09-15,1467.719971,1475.109985,1450.569946,1469.079956,1469.079956,0
2015-09-16,1480.050049,1490.560059,1477.589966,1483.660034,1483.660034,0
2015-09-17,1486.380005,1488.699951,1480.369995,1486.459961,1486.459961,0
2015-09-18,1478.660034,1478.689941,1446.979980,1453.109985,1453.109985,0
2015-09-21,1449.170044,1467.569946,1443.729980,1462.660034,1462.660034,0
2015-09-22,1440.849976,1455.869995,1424.530029,1425.390015,1425.390015,0
2015-09-23,1423.140015,1432.380005,1416.920044,1421.500000,1421.500000,0
2015-09-24,1422.859985,1424.199951,1378.939941,1381.869995,1381.869995,0
2015-09-25,1401.050049,1421.630005,1401.050049,1418.469971,1418.469971,0
2015-09-28,1414.920044,1416.079956,1389.380005,1389.380005,1389.380005,0
2015-09-29,1374.579956,1403.300049,1369.290039,1391.880005,1391.880005,0
2015-09-30,1415.020020,1423.829956,1407.339966,1416.890015,1416.890015,0
2015-10-01,1432.400024,1435.969971,1399.339966,1404.449951,1404.449951,0
2015-10-02,1416.660034,1429.380005,1396.199951,1412.859985,1412.859985,0
2015-10-05,1434.949951,1456.969971,1429.650024,1456.969971,1456.969971,0
2015-10-06,1457.380005,1464.579956,1441.349976,1457.150024,1457.150024,0
2015-10-07,1459.260010,1471.640015,1452.010010,1452.010010,1452.010010,0
2015-10-08,1448.420044,1464.989990,1447.359985,1464.489990,1464.489990,0
2015-10-09,1477.280029,1490.199951,1473.989990,1483.739990,1483.739990,0
2015-10-12,1488.079956,1504.599976,1472.520020,1481.430054,1481.430054,0
2015-10-13,1483.290039,1483.469971,1452.780029,1460.109985,1460.109985,0
2015-10-14,1451.660034,1455.060059,1441.290039,1442.750000,1442.750000,0
2015-10-15,1444.199951,1453.869995,1441.760010,1453.869995,1453.869995,0
2015-10-16,1463.949951,1469.709961,1444.880005,1452.359985,1452.359985,0
2015-10-19,1452.619995,1466.739990,1452.209961,1458.000000,1458.000000,0
2015-10-20,1463.829956,1471.819946,1449.550049,1466.670044,1466.670044,0
2015-10-21,1460.310059,1463.140015,1443.160034,1452.089966,1452.089966,0
2015-10-22,1449.290039,1485.660034,1434.719971,1484.469971,1484.469971,0
2015-10-23,1490.380005,1514.849976,1486.099976,1506.589966,1506.589966,0
2015-10-26,1506.489990,1515.229980,1499.290039,1506.160034,1506.160034,0
2015-10-27,1503.079956,1504.079956,1485.719971,1487.030029,1487.030029,0
2015-10-28,1490.959961,1503.219971,1482.030029,1499.640015,1499.640015,0
2015-10-29,1505.979980,1505.979980,1484.180054,1495.859985,1495.859985,0
2015-10-30,1498.290039,1508.449951,1496.510010,1499.229980,1499.229980,0
2015-11-02,1487.469971,1509.699951,1480.290039,1502.439941,1502.439941,0
2015-11-03,1506.040039,1508.680054,1496.130005,1507.449951,1507.449951,0
2015-11-04,1513.520020,1533.949951,1512.890015,1529.430054,1529.430054,0
2015-11-05,1530.420044,1535.050049,1521.130005,1523.250000,1523.250000,0
2015-11-06,1523.560059,1536.579956,1516.540039,1526.489990,1526.489990,0
2015-11-09,1530.359985,1537.250000,1511.550049,1511.550049,1511.550049,0
2015-11-10,1515.530029,1517.849976,1488.189941,1499.400024,1499.400024,0
2015-11-11,1504.439941,1518.300049,1503.160034,1511.459961,1511.459961,0
2015-11-12,1511.839966,1512.609985,1487.959961,1488.400024,1488.400024,0
2015-11-13,1481.760010,1485.560059,1469.000000,1476.209961,1476.209961,0
2015-11-16,1476.209961,1485.680054,1458.520020,1479.040039,1479.040039,0
2015-11-17,1479.239990,1514.329956,1479.239990,1513.930054,1513.930054,0
2015-11-18,1513.930054,1515.209961,1504.380005,1514.180054,1514.180054,0
2015-11-19,1514.180054,1530.910034,1507.829956,1512.770020,1512.770020,0
2015-11-20,1512.770020,1525.479980,1505.939941,1521.869995,1521.869995,0
2015-11-23,1521.869995,1521.869995,1509.270020,1515.800049,1515.800049,0
2015-11-24,1515.800049,1515.800049,1486.739990,1488.890015,1488.890015,0
2015-11-25,1488.890015,1508.380005,1487.949951,1506.520020,1506.520020,0
2015-11-26,1505.390015,1524.619995,1502.300049,1522.280029,1522.280029,0
2015-11-27,1519.599976,1527.619995,1511.619995,1522.000000,1522.000000,0
2015-11-30,1521.900024,1542.119995,1515.329956,1536.050049,1536.050049,0
2015-12-01,1536.280029,1546.530029,1527.449951,1530.520020,1530.520020,0
2015-12-02,1530.609985,1539.540039,1521.640015,1533.869995,1533.869995,0
2015-12-03,1533.739990,1544.939941,1502.410034,1502.410034,1502.410034,0
2015-12-04,1501.979980,1501.979980,1475.790039,1485.319946,1485.319946,0
2015-12-07,1490.260010,1504.609985,1489.619995,1494.520020,1494.520020,0
2015-12-08,1494.060059,1494.060059,1450.439941,1454.989990,1454.989990,0
2015-12-09,1455.739990,1460.849976,1428.619995,1440.939941,1440.939941,0
2015-12-10,1440.010010,1444.670044,1427.589966,1433.410034,1433.410034,0
2015-12-11,1433.380005,1433.380005,1399.900024,1401.140015,1401.140015,0
2015-12-14,1401.810059,1418.660034,1388.780029,1389.260010,1389.260010,0
2015-12-15,1389.260010,1427.109985,1389.260010,1426.469971,1426.469971,0
2015-12-16,1426.729980,1439.500000,1418.869995,1428.020020,1428.020020,0
2015-12-17,1429.719971,1461.489990,1429.719971,1438.319946,1438.319946,0
2015-12-18,1435.790039,1435.790039,1415.119995,1422.630005,1422.630005,0
2015-12-21,1422.630005,1443.800049,1419.130005,1419.130005,1419.130005,0
2015-12-22,1419.349976,1428.449951,1410.239990,1413.739990,1413.739990,0
2015-12-23,1415.010010,1446.689941,1415.010010,1446.689941,1446.689941,0
2015-12-28,1447.689941,1451.709961,1432.550049,1434.060059,1434.060059,0
2015-12-29,1435.119995,1452.949951,1435.119995,1452.949951,1452.949951,0
2015-12-30,1453.189941,1455.420044,1442.170044,1446.819946,1446.819946,0
2016-01-04,1441.339966,1441.339966,1394.270020,1394.390015,1394.390015,0
2016-01-05,1398.000000,1410.469971,1384.050049,1387.030029,1387.030029,0
2016-01-07,1379.660034,1379.660034,1326.699951,1357.119995,1357.119995,0
2016-01-08,1359.099976,1379.949951,1348.760010,1348.760010,1348.760010,0
2016-01-11,1348.229980,1362.040039,1342.680054,1348.640015,1348.640015,0
2016-01-12,1348.420044,1369.050049,1345.670044,1351.260010,1351.260010,0
2016-01-13,1352.609985,1377.869995,1352.609985,1360.979980,1360.979980,0
2016-01-14,1359.079956,1359.079956,1326.709961,1339.469971,1339.469971,0
2016-01-15,1339.640015,1348.510010,1296.920044,1305.239990,1305.239990,0
2016-01-18,1306.560059,1322.589966,1300.540039,1306.020020,1306.020020,0
2016-01-19,1311.719971,1341.729980,1311.719971,1332.170044,1332.170044,0
2016-01-20,1332.170044,1332.170044,1289.400024,1290.949951,1290.949951,0
2016-01-21,1290.239990,1319.810059,1283.130005,1312.599976,1312.599976,0
2016-01-22,1320.140015,1364.239990,1320.140015,1361.359985,1361.359985,0
2016-01-25,1362.349976,1367.810059,1345.550049,1354.410034,1354.410034,0
2016-01-26,1351.420044,1376.119995,1332.400024,1375.739990,1375.739990,0
2016-01-27,1377.469971,1377.469971,1353.640015,1365.589966,1365.589966,0
2016-01-28,1360.609985,1366.760010,1328.280029,1333.319946,1333.319946,0
2016-01-29,1339.329956,1359.920044,1335.930054,1356.319946,1356.319946,0
2016-02-01,1357.130005,1365.900024,1335.140015,1342.430054,1342.430054,0
2016-02-02,1340.180054,1340.380005,1314.189941,1320.290039,1320.290039,0
2016-02-03,1320.540039,1331.619995,1295.500000,1305.489990,1305.489990,0
2016-02-04,1310.900024,1334.829956,1304.829956,1333.719971,1333.719971,0
2016-02-05,1333.660034,1347.459961,1322.680054,1330.109985,1330.109985,0
2016-02-08,1330.900024,1339.599976,1273.270020,1273.949951,1273.949951,0
2016-02-09,1274.589966,1288.520020,1253.630005,1271.449951,1271.449951,0
2016-02-10,1272.160034,1306.170044,1272.109985,1297.819946,1297.819946,0
2016-02-11,1296.339966,1296.339966,1247.060059,1247.060059,1247.060059,0
2016-02-12,1248.280029,1286.670044,1248.280029,1286.670044,1286.670044,0
2016-02-15,1290.619995,1336.170044,1290.619995,1336.170044,1336.170044,0
2016-02-16,1336.170044,1349.869995,1323.589966,1328.140015,1328.140015,0
2016-02-17,1329.729980,1374.250000,1329.729980,1374.250000,1374.250000,0
2016-02-18,1374.250000,1381.530029,1359.829956,1362.979980,1362.979980,0
2016-02-19,1363.010010,1370.439941,1349.500000,1355.949951,1355.949951,0
2016-02-22,1357.319946,1385.739990,1357.319946,1385.739990,1385.739990,0
2016-02-23,1385.160034,1385.800049,1366.510010,1366.530029,1366.530029,0
2016-02-24,1366.910034,1368.890015,1324.459961,1327.849976,1327.849976,0
2016-02-25,1328.239990,1360.969971,1328.239990,1360.969971,1360.969971,0
2016-02-26,1363.760010,1378.770020,1363.459961,1370.800049,1370.800049,0
2016-02-29,1370.800049,1374.569946,1345.170044,1372.540039,1372.540039,0
2016-03-01,1372.540039,1392.020020,1356.569946,1391.449951,1391.449951,0
2016-03-02,1392.199951,1401.770020,1373.339966,1383.709961,1383.709961,0
2016-03-03,1385.459961,1394.479980,1384.170044,1389.449951,1389.449951,0
2016-03-04,1389.949951,1409.290039,1389.949951,1403.770020,1403.770020,0
2016-03-07,1403.400024,1403.400024,1387.819946,1397.040039,1397.040039,0
2016-03-08,1396.030029,1399.810059,1385.510010,1390.579956,1390.579956,0
2016-03-09,1390.560059,1402.780029,1385.180054,1398.469971,1398.469971,0
2016-03-10,1398.020020,1423.770020,1385.060059,1385.060059,1385.060059,0
2016-03-11,1392.069946,1419.189941,1392.069946,1418.390015,1418.390015,0
2016-03-14,1419.670044,1431.640015,1415.119995,1424.189941,1424.189941,0
2016-03-15,1424.189941,1424.189941,1403.119995,1403.949951,1403.949951,0
2016-03-16,1404.150024,1412.489990,1386.880005,1393.099976,1393.099976,0
2016-03-17,1393.099976,1404.079956,1362.290039,1390.859985,1390.859985,0
2016-03-18,1391.260010,1393.219971,1371.660034,1391.380005,1391.380005,0
2016-03-21,1389.689941,1391.770020,1374.819946,1377.560059,1377.560059,0
2016-03-22,1376.780029,1382.439941,1354.390015,1382.439941,1382.439941,0
2016-03-23,1382.630005,1382.630005,1362.479980,1368.209961,1368.209961,0
2016-03-24,1365.170044,1365.170044,1345.339966,1345.339966,1345.339966,0
2016-03-29,1346.410034,1358.130005,1339.880005,1348.699951,1348.699951,0
2016-03-30,1348.699951,1383.410034,1348.699951,1376.819946,1376.819946,0
2016-03-31,1375.540039,1375.540039,1362.780029,1365.699951,1365.699951,0
2016-04-01,1360.790039,1360.790039,1343.270020,1358.219971,1358.219971,0
2016-04-04,1358.219971,1370.430054,1351.069946,1361.859985,1361.859985,77976700
2016-04-05,1361.859985,1361.859985,1327.439941,1333.849976,1333.849976,0
2016-04-06,1333.849976,1349.020020,1323.550049,1349.020020,1349.020020,0
2016-04-07,1348.869995,1349.040039,1330.510010,1330.839966,1330.839966,0
2016-04-08,1331.380005,1365.000000,1331.380005,1364.939941,1364.939941,0
2016-04-11,1364.410034,1376.369995,1353.569946,1368.619995,1368.619995,0
2016-04-12,1368.040039,1368.640015,1353.229980,1366.599976,1366.599976,0
2016-04-13,1368.650024,1394.819946,1368.650024,1392.589966,1392.589966,0
2016-04-14,1393.099976,1396.469971,1381.520020,1384.109985,1384.109985,0
2016-04-15,1383.989990,1387.109985,1379.030029,1381.329956,1381.329956,0
2016-04-18,1380.260010,1386.449951,1364.660034,1381.890015,1381.890015,0
2016-04-19,1383.339966,1413.829956,1383.339966,1410.869995,1410.869995,0
2016-04-20,1408.599976,1419.800049,1404.130005,1419.670044,1419.670044,0
2016-04-21,1419.849976,1422.790039,1402.000000,1409.489990,1409.489990,0
2016-04-22,1408.520020,1408.930054,1392.569946,1396.369995,1396.369995,0
2016-04-25,1396.569946,1401.339966,1384.989990,1389.569946,1389.569946,0
2016-04-26,1389.239990,1399.949951,1386.719971,1389.800049,1389.800049,0
2016-04-27,1388.949951,1395.750000,1382.119995,1386.780029,1386.780029,0
2016-04-28,1385.920044,1391.260010,1364.410034,1389.609985,1389.609985,0
2016-04-29,1389.609985,1389.609985,1357.900024,1360.709961,1360.709961,0
2016-05-02,1360.709961,1365.069946,1350.619995,1352.910034,1352.910034,0
2016-05-03,1352.910034,1353.479980,1326.349976,1335.390015,1335.390015,0
2016-05-04,1335.390015,1336.000000,1318.020020,1319.170044,1319.170044,0
2016-05-06,1317.689941,1317.689941,1300.900024,1309.170044,1309.170044,0
2016-05-09,1309.520020,1336.609985,1309.520020,1328.199951,1328.199951,0
2016-05-10,1328.680054,1342.260010,1328.680054,1332.579956,1332.579956,0
2016-05-11,1331.000000,1338.520020,1321.790039,1326.130005,1326.130005,0
2016-05-12,1325.969971,1332.699951,1311.300049,1312.280029,1312.280029,0
2016-05-13,1311.930054,1325.849976,1304.859985,1323.180054,1323.180054,0
2016-05-16,1323.250000,1336.630005,1311.609985,1336.140015,1336.140015,0
2016-05-17,1336.140015,1348.459961,1327.550049,1331.709961,1331.709961,0
2016-05-18,1331.500000,1340.959961,1322.260010,1340.930054,1340.930054,0
2016-05-19,1340.750000,1340.750000,1321.800049,1321.800049,1321.800049,0
2016-05-20,1322.229980,1342.989990,1322.229980,1342.680054,1342.680054,0
2016-05-23,1342.579956,1345.520020,1332.030029,1338.969971,1338.969971,0
2016-05-24,1337.849976,1358.680054,1327.560059,1357.099976,1357.099976,0
2016-05-25,1358.239990,1370.449951,1358.239990,1367.069946,1367.069946,0
2016-05-26,1365.790039,1376.439941,1364.170044,1376.150024,1376.150024,0
2016-05-27,1375.729980,1379.199951,1370.390015,1376.500000,1376.500000,0
2016-05-30,1376.540039,1380.439941,1371.689941,1379.810059,1379.810059,0
2016-05-31,1380.140015,1383.380005,1368.530029,1369.479980,1369.479980,0
2016-06-01,1369.579956,1369.579956,1351.900024,1356.750000,1356.750000,0
2016-06-02,1357.099976,1364.119995,1354.939941,1359.140015,1359.140015,0
2016-06-03,1360.400024,1369.680054,1338.939941,1345.439941,1345.439941,0
2016-06-07,1346.989990,1369.030029,1346.989990,1367.150024,1367.150024,0
2016-06-08,1366.560059,1366.560059,1359.109985,1361.489990,1361.489990,0
2016-06-09,1361.579956,1362.449951,1343.219971,1344.000000,1344.000000,0
2016-06-10,1343.150024,1343.150024,1313.359985,1315.060059,1315.060059,0
2016-06-13,1312.790039,1312.790039,1290.369995,1294.510010,1294.510010,0
2016-06-14,1294.319946,1294.319946,1270.160034,1273.969971,1273.969971,0
2016-06-15,1275.890015,1306.890015,1275.890015,1304.089966,1304.089966,0
2016-06-16,1301.270020,1301.270020,1270.709961,1278.709961,1278.709961,0
2016-06-17,1280.579956,1300.270020,1280.579956,1298.380005,1298.380005,0
2016-06-20,1301.390015,1340.359985,1301.390015,1340.290039,1340.290039,0
2016-06-21,1340.000000,1346.920044,1331.500000,1344.589966,1344.589966,0
2016-06-22,1345.079956,1357.910034,1338.650024,1354.599976,1354.599976,0
2016-06-23,1354.579956,1366.979980,1347.430054,1360.729980,1360.729980,0
2016-06-27,1353.229980,1353.229980,1240.680054,1246.099976,1246.099976,0
2016-06-28,1247.000000,1290.359985,1247.000000,1278.520020,1278.520020,0
2016-06-29,1280.689941,1309.619995,1280.689941,1309.569946,1309.569946,0
2016-06-30,1309.579956,1324.380005,1300.689941,1323.579956,1323.579956,0
2016-07-01,1325.170044,1342.180054,1325.170044,1340.260010,1340.260010,0
2016-07-04,1340.579956,1345.729980,1324.859985,1325.540039,1325.540039,0
2016-07-05,1324.930054,1324.930054,1300.459961,1303.010010,1303.010010,0
2016-07-06,1300.709961,1303.680054,1275.229980,1284.579956,1284.579956,0
2016-07-07,1285.060059,1313.449951,1285.060059,1305.329956,1305.329956,0
2016-07-08,1304.650024,1326.760010,1300.270020,1326.209961,1326.209961,0
2016-07-11,1328.729980,1351.359985,1328.729980,1350.089966,1350.089966,0
2016-07-12,1328.729980,1351.359985,1328.729980,1350.089966,1350.089966,0
2016-07-13,1354.469971,1363.400024,1351.760010,1356.349976,1356.349976,0
2016-07-14,1356.790039,1369.719971,1356.790039,1364.920044,1364.920044,0
2016-07-15,1365.089966,1377.400024,1361.109985,1372.800049,1372.800049,0
2016-07-18,1372.530029,1380.060059,1360.119995,1368.250000,1368.250000,0
2016-07-19,1367.459961,1378.719971,1360.790039,1371.900024,1371.900024,0
2016-07-20,1373.650024,1386.719971,1373.650024,1386.589966,1386.589966,0
2016-07-21,1386.300049,1390.459961,1373.420044,1381.699951,1381.699951,0
2016-07-22,1381.300049,1382.079956,1372.160034,1377.469971,1377.469971,0
2016-07-25,1381.260010,1397.030029,1381.260010,1385.969971,1385.969971,0
2016-07-26,1385.969971,1389.949951,1375.750000,1382.729980,1382.729980,0
2016-07-27,1383.689941,1395.869995,1383.689941,1387.510010,1387.510010,0
2016-07-28,1387.089966,1393.069946,1379.780029,1382.079956,1382.079956,0
2016-07-29,1383.010010,1389.829956,1382.089966,1386.660034,1386.660034,0
2016-08-01,1388.829956,1395.739990,1374.810059,1379.459961,1379.459961,0
2016-08-02,1379.560059,1380.369995,1357.430054,1358.619995,1358.619995,0
2016-08-03,1359.050049,1362.280029,1347.089966,1352.339966,1352.339966,0
2016-08-04,1354.030029,1366.349976,1354.030029,1365.849976,1365.849976,0
2016-08-05,1366.189941,1381.160034,1366.140015,1378.829956,1378.829956,0
2016-08-08,1379.790039,1388.439941,1379.790039,1385.680054,1385.680054,0
2016-08-09,1385.550049,1411.349976,1382.869995,1411.349976,1411.349976,0
2016-08-10,1410.430054,1410.430054,1403.959961,1405.989990,1405.989990,0
2016-08-11,1406.349976,1416.900024,1401.140015,1416.900024,1416.900024,0
2016-08-12,1416.959961,1419.810059,1410.839966,1414.209961,1414.209961,0
2016-08-15,1413.949951,1424.699951,1413.819946,1421.579956,1421.579956,0
2016-08-16,1419.660034,1419.660034,1405.130005,1406.260010,1406.260010,0
2016-08-17,1406.489990,1411.329956,1389.750000,1392.050049,1392.050049,0
2016-08-18,1392.739990,1405.310059,1392.739990,1403.020020,1403.020020,0
2016-08-19,1403.319946,1405.770020,1386.699951,1393.609985,1393.609985,0
2016-08-22,1393.310059,1403.660034,1387.989990,1391.469971,1391.469971,0
2016-08-23,1392.479980,1408.920044,1392.479980,1406.550049,1406.550049,0
2016-08-24,1406.209961,1419.239990,1396.530029,1412.939941,1412.939941,0
2016-08-25,1411.910034,1411.910034,1401.130005,1405.079956,1405.079956,0
2016-08-26,1403.140015,1414.510010,1397.969971,1411.650024,1411.650024,0
2016-08-29,1410.160034,1411.979980,1400.469971,1411.979980,1411.979980,0
2016-08-30,1411.979980,1423.500000,1411.979980,1418.430054,1418.430054,0
2016-08-31,1417.989990,1429.109985,1416.000000,1418.140015,1418.140015,0
2016-09-01,1419.880005,1430.599976,1416.510010,1417.589966,1417.589966,0
2016-09-02,1418.250000,1437.239990,1418.250000,1437.239990,1437.239990,0
2016-09-05,1437.469971,1443.219971,1437.469971,1440.760010,1440.760010,0
2016-09-06,1439.380005,1444.719971,1434.170044,1435.189941,1435.189941,0
2016-09-07,1437.920044,1443.459961,1435.739990,1441.520020,1441.520020,0
2016-09-08,1441.140015,1443.209961,1430.530029,1440.030029,1440.030029,0
2016-09-09,1439.770020,1440.880005,1424.910034,1426.560059,1426.560059,0
2016-09-12,1426.500000,1426.500000,1400.199951,1417.359985,1417.359985,0
2016-09-13,1418.119995,1427.119995,1410.790039,1410.790039,1410.790039,0
2016-09-14,1412.130005,1418.130005,1407.020020,1409.890015,1409.890015,0
2016-09-15,1409.890015,1417.640015,1401.500000,1416.829956,1416.829956,0
2016-09-16,1415.500000,1415.500000,1404.020020,1405.310059,1405.310059,0
2016-09-19,1407.020020,1421.479980,1407.020020,1419.010010,1419.010010,0
2016-09-20,1418.750000,1424.900024,1415.119995,1418.439941,1418.439941,0
2016-09-21,1420.229980,1434.709961,1420.140015,1422.660034,1422.660034,0
2016-09-22,1423.349976,1448.050049,1423.349976,1446.010010,1446.010010,0
2016-09-23,1446.069946,1446.069946,1432.310059,1437.520020,1437.520020,0
2016-09-26,1436.560059,1436.560059,1415.199951,1418.189941,1418.189941,0
2016-09-27,1419.030029,1428.699951,1403.920044,1421.199951,1421.199951,0
2016-09-28,1422.589966,1436.040039,1422.589966,1425.239990,1425.239990,0
2016-09-29,1425.380005,1442.890015,1425.380005,1434.810059,1434.810059,0
2016-09-30,1434.650024,1439.079956,1407.989990,1439.079956,1439.079956,0
2016-10-03,1439.829956,1450.699951,1437.670044,1443.459961,1443.459961,0
2016-10-04,1443.280029,1456.349976,1442.630005,1456.219971,1456.219971,0
2016-10-05,1453.219971,1455.219971,1445.959961,1452.500000,1452.500000,0
2016-10-06,1453.170044,1461.510010,1452.819946,1458.380005,1458.380005,0
2016-10-07,1458.050049,1458.050049,1444.900024,1451.650024,1451.650024,0
2016-10-10,1451.729980,1467.780029,1449.089966,1467.449951,1467.449951,0
2016-10-11,1467.060059,1468.160034,1454.699951,1455.410034,1455.410034,0
2016-10-12,1454.560059,1459.699951,1442.500000,1442.500000,1442.500000,0
2016-10-13,1442.500000,1442.500000,1422.089966,1426.689941,1426.689941,0
2016-10-14,1430.310059,1447.579956,1430.020020,1446.000000,1446.000000,0
2016-10-17,1445.579956,1447.239990,1436.660034,1438.280029,1438.280029,0
2016-10-18,1441.430054,1459.939941,1441.430054,1458.630005,1458.630005,0
2016-10-19,1459.150024,1462.670044,1448.050049,1455.270020,1455.270020,0
2016-10-20,1456.119995,1467.849976,1449.380005,1465.839966,1465.839966,0
2016-10-21,1464.250000,1472.060059,1458.630005,1464.849976,1464.849976,0
2016-10-24,1464.959961,1473.479980,1454.989990,1456.790039,1456.790039,0
2016-10-25,1456.989990,1461.099976,1449.890015,1451.270020,1451.270020,0
2016-10-26,1454.810059,1458.800049,1440.689941,1454.209961,1454.209961,0
2016-10-27,1455.709961,1459.609985,1445.569946,1456.550049,1456.550049,0
2016-10-28,1455.000000,1461.189941,1443.069946,1459.359985,1459.359985,0
2016-10-31,1458.959961,1458.959961,1444.750000,1446.349976,1446.349976,0
2016-11-01,1447.130005,1457.010010,1431.869995,1431.869995,1431.869995,0
2016-11-02,1447.130005,1457.010010,1431.869995,1431.869995,1431.869995,0
2016-11-03,1417.339966,1429.760010,1413.910034,1421.010010,1421.010010,0
2016-11-04,1420.250000,1420.250000,1404.579956,1406.099976,1406.099976,0
2016-11-07,1407.880005,1434.170044,1407.880005,1431.770020,1431.770020,0
2016-11-08,1432.390015,1441.369995,1427.199951,1439.430054,1439.430054,0
2016-11-09,1430.910034,1458.959961,1391.810059,1456.709961,1456.709961,0
2016-11-10,1457.459961,1479.310059,1453.680054,1460.520020,1460.520020,0
2016-11-11,1461.739990,1470.520020,1449.660034,1451.530029,1451.530029,0
2016-11-14,1454.300049,1469.589966,1438.410034,1443.089966,1443.089966,0
2016-11-15,1445.500000,1467.280029,1445.500000,1466.459961,1466.459961,0
2016-11-16,1466.819946,1473.829956,1454.459961,1458.250000,1458.250000,0
2016-11-17,1457.359985,1472.619995,1454.150024,1472.050049,1472.050049,0
2016-11-18,1473.250000,1478.750000,1467.699951,1476.469971,1476.469971,0
2016-11-21,1477.180054,1482.119995,1466.020020,1478.579956,1478.579956,0
2016-11-22,1479.140015,1490.290039,1478.619995,1485.050049,1485.050049,0
2016-11-23,1485.709961,1488.680054,1476.359985,1482.630005,1482.630005,0
2016-11-24,1483.329956,1487.719971,1479.180054,1484.329956,1484.329956,0
2016-11-25,1484.339966,1491.229980,1478.329956,1491.229980,1491.229980,0
2016-11-28,1491.060059,1491.060059,1469.880005,1472.680054,1472.680054,0
2016-11-29,1472.640015,1479.069946,1462.300049,1467.180054,1467.180054,0
2016-11-30,1467.030029,1484.020020,1466.790039,1481.140015,1481.140015,0
2016-12-01,1480.530029,1482.560059,1473.349976,1477.949951,1477.949951,0
2016-12-02,1477.920044,1477.920044,1461.660034,1470.079956,1470.079956,0
2016-12-05,1469.839966,1490.630005,1462.920044,1483.290039,1483.290039,0
2016-12-06,1483.750000,1492.170044,1479.689941,1492.170044,1492.170044,0
2016-12-07,1493.180054,1503.979980,1493.180054,1503.949951,1503.949951,0
2016-12-08,1505.099976,1520.150024,1503.380005,1520.150024,1520.150024,0
2016-12-09,1519.160034,1538.380005,1514.160034,1534.270020,1534.270020,0
2016-12-12,1534.099976,1541.000000,1529.290039,1537.930054,1537.930054,0
2016-12-13,1537.540039,1551.959961,1535.479980,1551.000000,1551.000000,0
2016-12-14,1551.089966,1551.089966,1538.630005,1541.390015,1541.390015,0
2016-12-15,1541.390015,1551.140015,1532.099976,1550.520020,1550.520020,0
2016-12-16,1550.209961,1553.599976,1544.380005,1548.199951,1548.199951,0
2016-12-19,1548.040039,1552.550049,1542.030029,1542.709961,1542.709961,0
2016-12-20,1542.180054,1547.859985,1535.119995,1536.719971,1536.719971,0
2016-12-21,1535.560059,1537.349976,1521.640015,1525.469971,1525.469971,0
2016-12-22,1525.270020,1525.270020,1515.609985,1519.540039,1519.540039,0
2016-12-23,1519.349976,1528.420044,1519.280029,1525.800049,1525.800049,0
2016-12-27,1525.709961,1536.010010,1525.479980,1533.310059,1533.310059,0
2016-12-28,1532.859985,1532.859985,1526.290039,1527.300049,1527.300049,0
2016-12-29,1526.699951,1526.699951,1516.920044,1518.369995,1518.369995,0
2016-12-30,1518.339966,1522.060059,1511.280029,1517.199951,1517.199951,0
2017-01-02,1516.430054,1530.609985,1510.670044,1526.829956,1526.829956,0
2017-01-03,1527.250000,1541.199951,1526.260010,1534.699951,1534.699951,0
2017-01-04,1535.160034,1538.770020,1527.589966,1530.930054,1530.930054,0
2017-01-05,1530.930054,1530.930054,1521.880005,1522.099976,1522.099976,0
2017-01-09,1522.229980,1525.380005,1504.069946,1509.819946,1509.819946,0
2017-01-10,1509.849976,1516.569946,1506.300049,1510.089966,1510.089966,0
2017-01-11,1508.709961,1517.750000,1501.030029,1511.880005,1511.880005,0
2017-01-12,1511.910034,1513.239990,1499.579956,1503.310059,1503.310059,0
2017-01-13,1504.219971,1522.489990,1504.219971,1522.489990,1522.489990,0
2017-01-16,1518.270020,1518.270020,1511.069946,1512.969971,1512.969971,0
2017-01-17,1512.859985,1514.579956,1498.739990,1507.319946,1507.319946,0
2017-01-18,1508.050049,1515.989990,1503.109985,1515.989990,1515.989990,0
2017-01-19,1516.000000,1521.920044,1508.479980,1513.920044,1513.920044,0
2017-01-20,1513.770020,1527.380005,1507.780029,1525.489990,1525.489990,0
2017-01-23,1524.369995,1524.369995,1503.050049,1504.689941,1504.689941,0
2017-01-24,1504.910034,1522.869995,1504.910034,1522.849976,1522.849976,0
2017-01-25,1523.989990,1545.989990,1523.989990,1545.989990,1545.989990,0
2017-01-26,1551.959961,1563.520020,1551.219971,1553.890015,1553.890015,0
2017-01-27,1553.790039,1553.790039,1536.770020,1538.760010,1538.760010,0
2017-01-30,1538.500000,1538.500000,1526.469971,1528.890015,1528.890015,0
2017-01-31,1528.630005,1548.140015,1528.630005,1536.750000,1536.750000,0
2017-02-01,1537.469971,1554.150024,1537.469971,1547.310059,1547.310059,0
2017-02-02,1547.349976,1554.579956,1544.599976,1551.849976,1551.849976,0
2017-02-03,1552.099976,1559.130005,1550.109985,1557.310059,1557.310059,0
2017-02-06,1557.380005,1558.920044,1547.390015,1548.900024,1548.900024,0
2017-02-07,1549.260010,1560.709961,1545.729980,1550.939941,1550.939941,0
2017-02-08,1550.219971,1552.250000,1540.030029,1549.239990,1549.239990,0
2017-02-09,1549.400024,1557.500000,1545.689941,1557.500000,1557.500000,0
2017-02-10,1559.219971,1568.209961,1556.660034,1562.729980,1562.729980,0
2017-02-13,1563.079956,1572.530029,1563.079956,1572.180054,1572.180054,0
2017-02-14,1572.359985,1573.109985,1563.739990,1569.750000,1569.750000,0
2017-02-15,1570.760010,1577.729980,1568.170044,1574.020020,1574.020020,0
2017-02-16,1574.150024,1580.989990,1572.270020,1576.329956,1576.329956,0
2017-02-17,1576.060059,1578.910034,1566.469971,1570.589966,1570.589966,0
2017-02-20,1572.579956,1582.780029,1572.579956,1576.329956,1576.329956,0
2017-02-21,1576.560059,1592.750000,1570.010010,1590.089966,1590.089966,0
2017-02-22,1589.199951,1593.880005,1578.550049,1582.130005,1582.130005,0
2017-02-23,1582.160034,1593.609985,1582.160034,1588.300049,1588.300049,0
2017-02-24,1587.810059,1589.510010,1563.040039,1569.859985,1569.859985,0
2017-02-27,1571.449951,1577.060059,1561.640015,1564.630005,1564.630005,0
2017-02-28,1564.859985,1572.729980,1561.589966,1570.170044,1570.170044,0
2017-03-01,1570.959961,1594.560059,1570.959961,1591.369995,1591.369995,0
2017-03-02,1591.319946,1594.459961,1578.270020,1580.530029,1580.530029,0
2017-03-03,1579.569946,1585.609985,1573.989990,1581.319946,1581.319946,0
2017-03-06,1581.290039,1581.290039,1571.060059,1575.520020,1575.520020,0
2017-03-07,1575.540039,1578.250000,1567.589966,1575.770020,1575.770020,0
2017-03-08,1575.780029,1583.219971,1574.209961,1578.229980,1578.229980,0
2017-03-09,1577.750000,1585.439941,1572.599976,1583.729980,1583.729980,0
2017-03-10,1584.089966,1595.000000,1584.089966,1587.930054,1587.930054,0
2017-03-13,1587.880005,1599.829956,1586.010010,1594.709961,1594.709961,0
2017-03-14,1594.780029,1595.160034,1576.510010,1586.000000,1586.000000,0
2017-03-15,1586.589966,1590.229980,1581.219971,1588.890015,1588.890015,0
2017-03-16,1591.130005,1603.060059,1585.599976,1593.250000,1593.250000,0
2017-03-17,1593.939941,1593.939941,1578.469971,1584.969971,1584.969971,0
2017-03-20,1583.530029,1587.790039,1581.400024,1583.250000,1583.250000,0
2017-03-21,1583.810059,1588.630005,1569.000000,1570.880005,1570.880005,0
2017-03-22,1569.939941,1569.939941,1551.239990,1562.959961,1562.959961,0
2017-03-23,1563.640015,1581.569946,1560.839966,1581.280029,1581.280029,0
2017-03-24,1580.910034,1582.040039,1573.069946,1579.699951,1579.699951,0
2017-03-27,1578.310059,1578.310059,1556.449951,1574.510010,1574.510010,0
2017-03-28,1575.079956,1581.300049,1567.849976,1580.089966,1580.089966,0
2017-03-29,1580.530029,1587.079956,1576.390015,1584.430054,1584.430054,0
2017-03-30,1585.170044,1585.170044,1572.160034,1583.880005,1583.880005,0
2017-03-31,1583.660034,1590.520020,1570.219971,1587.630005,1587.630005,0
2017-04-03,1587.869995,1591.130005,1570.569946,1571.410034,1571.410034,0
2017-04-04,1571.300049,1578.619995,1564.280029,1567.300049,1567.300049,0
2017-04-05,1567.510010,1568.420044,1557.089966,1558.560059,1558.560059,0
2017-04-06,1558.430054,1564.069946,1543.699951,1564.050049,1564.050049,0
2017-04-07,1562.819946,1569.729980,1553.430054,1569.670044,1569.670044,0
2017-04-10,1569.800049,1572.609985,1566.050049,1572.469971,1572.469971,0
2017-04-11,1572.099976,1577.630005,1564.880005,1570.910034,1570.910034,0
2017-04-12,1571.020020,1585.449951,1571.020020,1575.020020,1575.020020,0
2017-04-13,1573.780029,1575.849976,1567.410034,1572.810059,1572.810059,0
2017-04-18,1574.349976,1576.709961,1553.069946,1557.209961,1557.209961,109950600
2017-04-19,1557.099976,1571.219971,1552.459961,1565.729980,1565.729980,0
2017-04-20,1565.719971,1571.670044,1560.930054,1568.739990,1568.739990,0
2017-04-21,1568.489990,1578.260010,1567.479980,1573.250000,1573.250000,0
2017-04-24,1574.099976,1609.270020,1574.099976,1609.270020,1609.270020,0
2017-04-25,1609.589966,1620.640015,1606.890015,1617.050049,1617.050049,0
2017-04-26,1617.079956,1621.939941,1608.989990,1620.280029,1620.280029,0
2017-04-27,1617.349976,1620.739990,1614.569946,1616.579956,1616.579956,0
2017-04-28,1616.699951,1627.729980,1616.329956,1626.989990,1626.989990,0
2017-05-02,1626.989990,1636.510010,1626.030029,1636.510010,1636.510010,0
2017-05-03,1636.500000,1636.500000,1626.430054,1633.989990,1633.989990,0
2017-05-04,1635.689941,1640.709961,1632.910034,1638.329956,1638.329956,0
2017-05-05,1638.329956,1642.040039,1632.329956,1642.040039,1642.040039,0
2017-05-08,1642.060059,1645.800049,1629.689941,1639.489990,1639.489990,0
2017-05-09,1640.069946,1654.540039,1640.069946,1653.109985,1653.109985,0
2017-05-10,1652.140015,1652.140015,1642.079956,1649.650024,1649.650024,0
2017-05-11,1649.040039,1649.170044,1637.880005,1642.020020,1642.020020,0
2017-05-12,1643.829956,1647.280029,1640.790039,1646.449951,1646.449951,0
2017-05-15,1647.250000,1650.729980,1644.739990,1649.839966,1649.839966,0
2017-05-16,1649.839966,1657.130005,1646.770020,1653.060059,1653.060059,0
2017-05-17,1653.060059,1653.060059,1624.550049,1628.369995,1628.369995,0
