Date,Open,High,Low,Close,Adj Close,Volume
2012-05-18,104.099998,104.099998,99.849998,99.849998,99.849998,43399
2012-05-21,101.000000,103.199997,100.099998,103.199997,103.199997,12918
2012-05-22,103.599998,104.400002,102.800003,103.699997,103.699997,34451
2012-05-23,104.000000,104.000000,101.800003,101.800003,101.800003,208779
2012-05-24,102.000000,104.300003,101.099998,102.300003,102.300003,19875
2012-05-25,103.900002,103.900002,101.900002,102.900002,102.900002,18721
2012-05-28,103.000000,104.300003,102.800003,103.300003,103.300003,2846
2012-05-29,103.800003,104.500000,103.400002,104.500000,104.500000,8208
2012-05-30,104.500000,104.500000,103.300003,103.300003,103.300003,10807
2012-05-31,104.099998,105.000000,102.599998,105.000000,105.000000,228795
2012-06-01,103.900002,104.300003,99.900002,100.500000,100.500000,164025
2012-06-04,100.900002,101.000000,98.750000,98.750000,98.750000,31716
2012-06-05,100.900002,100.900002,98.900002,99.550003,99.550003,4458
2012-06-07,99.550003,103.500000,99.550003,102.800003,102.800003,8250
2012-06-08,102.300003,102.300003,101.099998,102.199997,102.199997,14217
2012-06-11,103.000000,104.800003,102.000000,102.000000,102.000000,14025
2012-06-12,102.000000,103.199997,101.800003,103.099998,103.099998,8291
2012-06-13,102.300003,104.800003,102.300003,104.300003,104.300003,23835
2012-06-14,104.000000,104.800003,103.500000,104.800003,104.800003,5162
2012-06-15,104.800003,105.900002,103.699997,104.300003,104.300003,37789
2012-06-18,104.300003,107.000000,103.500000,103.500000,103.500000,11679
2012-06-19,104.900002,104.900002,103.099998,104.500000,104.500000,3086
2012-06-20,105.000000,105.500000,103.400002,103.599998,103.599998,9860
2012-06-21,107.199997,107.199997,102.800003,102.800003,102.800003,21138
2012-06-25,102.800003,102.900002,100.300003,100.300003,100.300003,5626
2012-06-26,101.000000,101.199997,100.699997,100.699997,100.699997,1370
2012-06-27,100.500000,102.199997,100.500000,102.199997,102.199997,4248
2012-06-28,101.500000,102.900002,100.099998,100.699997,100.699997,3660
2012-06-29,102.000000,104.000000,102.000000,103.800003,103.800003,13367
2012-07-02,103.099998,105.199997,103.099998,105.199997,105.199997,16132
2012-07-03,105.199997,106.500000,104.800003,106.500000,106.500000,6809
2012-07-04,105.900002,108.199997,105.800003,108.199997,108.199997,3033
2012-07-05,109.800003,109.800003,107.000000,107.199997,107.199997,14264
2012-07-06,108.400002,109.199997,107.500000,108.199997,108.199997,8799
2012-07-09,107.800003,109.000000,107.599998,108.900002,108.900002,6122
2012-07-10,108.300003,110.900002,108.300003,110.900002,110.900002,3344
2012-07-11,107.800003,109.699997,107.800003,109.699997,109.699997,1064
2012-07-12,107.900002,108.699997,107.900002,107.900002,107.900002,5106
2012-07-13,109.199997,109.500000,108.599998,109.500000,109.500000,4281
2012-07-16,109.500000,109.599998,108.800003,108.800003,108.800003,4648
2012-07-17,110.000000,110.500000,109.699997,110.500000,110.500000,3441
2012-07-18,109.699997,111.699997,109.500000,111.699997,111.699997,5017
2012-07-19,111.000000,119.300003,110.500000,116.500000,116.500000,11648
2012-07-20,117.599998,118.699997,114.199997,114.699997,114.699997,14411
2012-07-23,114.099998,116.000000,113.500000,114.599998,114.599998,3803
2012-07-24,113.800003,116.000000,113.800003,115.599998,115.599998,1268
2012-07-25,115.300003,116.099998,115.000000,115.099998,115.099998,15402
2012-07-26,114.599998,116.400002,114.500000,116.300003,116.300003,3517
2012-07-27,116.000000,116.400002,115.400002,116.400002,116.400002,2786
2012-07-30,116.000000,117.199997,115.800003,117.000000,117.000000,5794
2012-07-31,116.099998,116.300003,114.900002,115.500000,115.500000,4578
2012-08-01,114.000000,115.000000,113.199997,113.199997,113.199997,8167
2012-08-02,113.300003,116.099998,113.300003,114.599998,114.599998,3821
2012-08-03,113.199997,116.699997,113.199997,116.699997,116.699997,5715
2012-08-06,116.000000,116.800003,115.400002,115.900002,115.900002,2062
2012-08-07,115.699997,115.699997,113.400002,114.599998,114.599998,5765
2012-08-08,114.000000,115.000000,114.000000,114.500000,114.500000,1472
2012-08-09,115.699997,116.099998,114.900002,116.099998,116.099998,2069
2012-08-10,116.000000,116.000000,114.900002,116.000000,116.000000,2072
2012-08-13,116.000000,116.300003,115.400002,116.000000,116.000000,1060
2012-08-14,118.000000,118.000000,115.300003,115.300003,115.300003,2701
2012-08-15,115.699997,116.199997,112.800003,112.800003,112.800003,5643
2012-08-16,114.900002,119.000000,114.900002,119.000000,119.000000,8585
2012-08-17,119.000000,121.400002,119.000000,120.599998,120.599998,15558
2012-08-20,120.400002,121.599998,119.000000,121.300003,121.300003,5132
2012-08-21,120.000000,121.500000,119.900002,119.900002,119.900002,10709
2012-08-22,119.500000,119.900002,117.900002,118.199997,118.199997,65294
2012-08-23,118.199997,120.000000,117.500000,120.000000,120.000000,43174
2012-08-24,112.500000,117.900002,112.500000,117.500000,117.500000,4526
2012-08-27,117.300003,117.400002,115.699997,116.199997,116.199997,3620
2012-08-28,116.099998,116.099998,114.500000,115.699997,115.699997,1465
2012-08-29,115.800003,119.000000,115.800003,118.300003,118.300003,8869
2012-08-30,117.099998,120.000000,117.099998,120.000000,120.000000,8931
2012-08-31,119.000000,120.000000,118.300003,119.099998,119.099998,22169
2012-09-03,119.099998,120.199997,118.500000,118.599998,118.599998,7624
2012-09-04,118.000000,118.900002,115.000000,117.500000,117.500000,7533
2012-09-05,116.900002,119.099998,116.900002,118.000000,118.000000,6406
2012-09-06,118.500000,121.000000,118.500000,121.000000,121.000000,8654
2012-09-07,121.300003,122.199997,120.400002,121.300003,121.300003,41690
2012-09-10,120.699997,121.300003,120.300003,120.800003,120.800003,9426
2012-09-11,120.099998,120.500000,117.199997,120.500000,120.500000,14211
2012-09-12,119.699997,120.900002,119.599998,120.199997,120.199997,30203
2012-09-13,120.000000,120.300003,119.500000,119.900002,119.900002,10805
2012-09-14,120.800003,121.800003,120.500000,121.800003,121.800003,12007
2012-09-17,121.599998,123.000000,121.599998,123.000000,123.000000,5817
2012-09-18,123.000000,123.000000,122.199997,123.000000,123.000000,2403
2012-09-19,121.000000,123.599998,121.000000,123.500000,123.500000,13290
2012-09-20,124.000000,124.000000,122.400002,123.099998,123.099998,24836
2012-09-21,123.000000,125.000000,122.900002,124.900002,124.900002,36387
2012-09-24,124.900002,125.000000,124.199997,124.900002,124.900002,12938
2012-09-25,123.099998,124.900002,123.099998,124.900002,124.900002,3075
2012-09-26,124.300003,124.300003,123.300003,123.300003,123.300003,106
2012-09-27,124.500000,124.500000,123.500000,123.599998,123.599998,15444
2012-09-28,123.599998,123.900002,122.400002,122.400002,122.400002,4279
2012-10-01,122.199997,122.800003,122.000000,122.800003,122.800003,11618
2012-10-02,122.000000,122.199997,121.199997,122.099998,122.099998,23541
2012-10-03,121.000000,122.099998,121.000000,121.699997,121.699997,9728
2012-10-04,121.500000,122.099998,121.199997,122.099998,122.099998,1888
2012-10-05,122.400002,122.699997,121.500000,122.300003,122.300003,3966
2012-10-08,121.400002,122.000000,119.300003,119.800003,119.800003,13647
2012-10-09,119.099998,119.400002,116.500000,118.099998,118.099998,12358
2012-10-10,116.800003,117.300003,116.000000,116.400002,116.400002,251320
2012-10-11,115.900002,118.900002,115.800003,118.900002,118.900002,517195
2012-10-12,118.099998,118.099998,117.000000,118.000000,118.000000,8075
2012-10-15,116.400002,119.000000,116.400002,119.000000,119.000000,5901
2012-10-16,120.000000,120.400002,118.500000,120.400002,120.400002,3156
2012-10-17,119.800003,119.800003,118.500000,119.099998,119.099998,2820
2012-10-18,124.400002,128.600006,124.400002,128.100006,128.100006,35194
2012-10-19,127.099998,128.000000,126.699997,128.000000,128.000000,276174
2012-10-22,128.000000,129.500000,126.500000,129.500000,129.500000,6740
2012-10-23,128.600006,128.600006,127.300003,127.800003,127.800003,3379
2012-10-24,126.099998,130.199997,126.099998,130.199997,130.199997,8927
2012-10-25,130.199997,131.699997,130.000000,130.699997,130.699997,650591
2012-10-26,128.800003,131.000000,128.800003,130.800003,130.800003,4429
2012-10-29,131.000000,131.399994,130.000000,131.100006,131.100006,6441
2012-10-30,131.000000,131.600006,130.899994,131.100006,131.100006,3388
2012-10-31,129.100006,130.500000,129.100006,130.100006,130.100006,5799
2012-11-01,129.000000,130.800003,129.000000,130.800003,130.800003,1756
2012-11-02,130.300003,131.100006,130.000000,131.000000,131.000000,4176
2012-11-05,132.000000,134.899994,132.000000,133.399994,133.399994,5059
2012-11-06,133.399994,133.500000,132.300003,133.000000,133.000000,6971
2012-11-07,133.800003,134.300003,132.899994,133.600006,133.600006,8023
2012-11-08,131.399994,133.899994,131.399994,133.899994,133.899994,4363
2012-11-09,134.000000,134.000000,130.500000,132.300003,132.300003,54112
2012-11-12,132.199997,132.300003,131.600006,132.100006,132.100006,3264
2012-11-13,131.300003,132.800003,131.300003,132.800003,132.800003,7891
2012-11-14,132.100006,133.899994,132.100006,133.600006,133.600006,9632
2012-11-15,132.199997,133.399994,131.199997,131.199997,131.199997,6285
2012-11-16,129.800003,130.699997,129.300003,130.100006,130.100006,3008
2012-11-19,130.000000,131.500000,129.399994,131.500000,131.500000,5616
2012-11-20,131.000000,132.500000,129.699997,132.500000,132.500000,7137
2012-11-21,131.199997,132.000000,131.199997,131.500000,131.500000,2050
2012-11-22,130.899994,131.899994,130.699997,131.399994,131.399994,3849
2012-11-23,131.399994,132.000000,131.000000,131.899994,131.899994,1855
2012-11-26,130.500000,133.000000,130.500000,132.699997,132.699997,15639
2012-11-27,132.399994,133.500000,132.000000,133.000000,133.000000,5225
2012-11-28,132.000000,133.199997,131.399994,133.199997,133.199997,6848
2012-11-29,132.800003,134.300003,132.500000,134.199997,134.199997,43733
2012-11-30,134.000000,136.000000,133.500000,136.000000,136.000000,16477
2012-12-03,134.800003,135.300003,134.000000,135.000000,135.000000,3234
2012-12-04,134.899994,135.800003,134.899994,135.800003,135.800003,1480
2012-12-05,136.000000,137.199997,135.699997,135.800003,135.800003,7041
2012-12-06,135.800003,137.500000,135.800003,137.500000,137.500000,34685
2012-12-07,138.000000,138.000000,136.500000,137.300003,137.300003,10179
2012-12-10,137.199997,137.199997,136.000000,137.000000,137.000000,253434
2012-12-11,137.000000,137.899994,136.699997,137.000000,137.000000,12267
2012-12-12,136.899994,138.100006,136.699997,137.600006,137.600006,7482
2012-12-13,137.000000,137.000000,135.199997,135.199997,135.199997,41239
2012-12-14,135.500000,136.800003,135.399994,136.800003,136.800003,5839
2012-12-17,136.000000,136.000000,134.699997,136.000000,136.000000,9311
2012-12-18,135.100006,136.899994,135.100006,136.300003,136.300003,1053
2012-12-19,138.000000,140.500000,137.699997,140.000000,140.000000,16506
2012-12-20,139.100006,140.500000,138.699997,140.500000,140.500000,206477
2012-12-21,140.500000,140.500000,139.399994,140.500000,140.500000,15351
2012-12-27,140.500000,141.500000,140.500000,141.199997,141.199997,2046
2012-12-28,140.500000,142.199997,140.500000,141.100006,141.100006,23266
2013-01-02,141.100006,142.699997,141.100006,142.600006,142.600006,6952
2013-01-03,143.000000,143.199997,142.000000,142.399994,142.399994,2538
2013-01-04,142.399994,142.399994,140.800003,141.399994,141.399994,4267
2013-01-07,143.000000,143.000000,139.500000,140.000000,140.000000,4455
2013-01-08,140.000000,141.899994,140.000000,141.899994,141.899994,7881
2013-01-09,142.000000,142.500000,141.300003,141.800003,141.800003,1096
2013-01-10,142.000000,143.800003,142.000000,143.800003,143.800003,6775
2013-01-11,143.399994,145.699997,143.399994,145.000000,145.000000,5807
2013-01-14,144.699997,146.100006,143.899994,146.000000,146.000000,18347
2013-01-15,149.500000,149.500000,145.300003,146.500000,146.500000,39067
2013-01-16,146.000000,146.899994,145.500000,146.899994,146.899994,3335
2013-01-17,146.800003,150.000000,146.600006,149.699997,149.699997,14256
2013-01-18,149.699997,150.000000,147.600006,149.100006,149.100006,11066
2013-01-21,149.100006,149.100006,146.500000,147.899994,147.899994,6285
2013-01-22,138.100006,146.899994,138.100006,143.699997,143.699997,3924
2013-01-23,143.000000,145.000000,142.199997,142.899994,142.899994,14341
2013-01-24,143.000000,147.500000,142.000000,147.300003,147.300003,18449
2013-01-25,147.600006,150.500000,146.600006,150.399994,150.399994,12565
2013-01-28,155.600006,155.600006,150.000000,152.800003,152.800003,11174
2013-01-29,152.000000,153.000000,152.000000,152.500000,152.500000,31204
2013-01-30,154.199997,155.500000,154.199997,155.000000,155.000000,35141
2013-01-31,154.699997,155.699997,154.199997,154.500000,154.500000,3399
2013-02-01,156.000000,156.000000,152.500000,154.199997,154.199997,4690
2013-02-04,154.600006,154.600006,151.699997,151.899994,151.899994,9114
2013-02-05,151.399994,155.800003,151.399994,155.500000,155.500000,40017
2013-02-06,154.000000,157.300003,154.000000,156.000000,156.000000,11145
2013-02-07,156.100006,157.100006,154.899994,154.899994,154.899994,3476
2013-02-08,155.000000,156.800003,155.000000,156.399994,156.399994,6504
2013-02-11,155.899994,156.399994,154.899994,155.899994,155.899994,24247
2013-02-12,149.000000,157.199997,148.899994,156.899994,156.899994,13442
2013-02-13,156.899994,158.199997,156.600006,157.800003,157.800003,64773
2013-02-14,157.699997,158.100006,156.300003,156.300003,156.300003,34559
2013-02-15,155.899994,156.800003,155.699997,156.300003,156.300003,8093
2013-02-18,156.199997,156.199997,155.000000,155.100006,155.100006,1895
2013-02-19,156.699997,156.699997,155.300003,156.300003,156.300003,3236
2013-02-20,156.800003,160.300003,156.699997,160.300003,160.300003,14825
2013-02-21,159.199997,159.199997,157.100006,157.500000,157.500000,8815
2013-02-22,157.199997,159.300003,157.199997,158.300003,158.300003,10433
2013-02-25,159.399994,159.399994,156.800003,157.100006,157.100006,3787
2013-02-26,154.300003,157.300003,154.300003,156.399994,156.399994,12579
2013-02-27,156.399994,156.399994,154.899994,156.199997,156.199997,2619
2013-02-28,155.500000,158.199997,155.500000,158.199997,158.199997,3153
2013-03-01,160.000000,160.000000,158.500000,159.199997,159.199997,1489
2013-03-04,159.000000,161.800003,158.100006,161.800003,161.800003,5983
2013-03-05,161.100006,162.100006,161.100006,161.600006,161.600006,10978
2013-03-06,161.800003,161.800003,160.000000,160.899994,160.899994,3024
2013-03-07,161.000000,161.000000,158.000000,159.000000,159.000000,6652
2013-03-08,158.600006,159.600006,157.300003,157.600006,157.600006,3420
2013-03-11,157.500000,157.500000,155.800003,157.300003,157.300003,1722
2013-03-12,157.000000,157.300003,152.600006,152.600006,152.600006,14663
2013-03-13,152.100006,156.100006,152.100006,156.100006,156.100006,6777
2013-03-14,156.000000,157.500000,155.500000,157.500000,157.500000,7013
2013-03-15,157.199997,157.500000,156.699997,156.699997,156.699997,4766
2013-03-18,155.000000,156.500000,154.500000,155.800003,155.800003,5891
2013-03-19,156.899994,157.500000,152.800003,157.300003,157.300003,2881
2013-03-20,157.000000,157.000000,155.699997,156.500000,156.500000,1686
2013-03-21,157.000000,157.100006,155.600006,155.600006,155.600006,40861
2013-03-22,155.600006,160.899994,155.600006,160.899994,160.899994,2306
2013-03-25,161.100006,163.100006,161.000000,163.100006,163.100006,7336
2013-03-26,162.899994,163.600006,162.300003,163.600006,163.600006,1101
2013-03-27,163.600006,165.399994,163.199997,165.399994,165.399994,4082
2013-03-28,165.000000,167.600006,165.000000,167.600006,167.600006,4035
2013-04-02,165.399994,169.300003,165.399994,169.100006,169.100006,3334
2013-04-03,168.399994,170.800003,168.399994,170.000000,170.000000,14898
2013-04-04,170.199997,170.300003,168.500000,168.699997,168.699997,6036
2013-04-05,168.100006,168.100006,164.500000,165.000000,165.000000,4302
2013-04-08,164.399994,166.000000,164.000000,164.000000,164.000000,10543
2013-04-09,163.000000,163.699997,161.800003,162.899994,162.899994,5463
2013-04-10,162.000000,163.800003,162.000000,163.800003,163.800003,3452
2013-04-11,163.899994,163.899994,160.000000,160.899994,160.899994,5222
2013-04-12,160.800003,160.899994,159.500000,160.000000,160.000000,334020
2013-04-15,160.000000,160.266006,159.199997,159.699997,159.699997,60937
2013-04-16,159.399994,159.500000,157.800003,157.800003,157.800003,42378
2013-04-17,157.899994,159.600006,156.199997,158.399994,158.399994,3175
2013-04-18,158.000000,158.199997,156.300003,157.899994,157.899994,2682
2013-04-19,159.500000,162.300003,157.300003,162.300003,162.300003,2771
2013-04-22,162.600006,162.899994,162.199997,162.600006,162.600006,3406
2013-04-23,160.399994,166.600006,160.399994,166.600006,166.600006,5089
2013-04-24,166.199997,166.199997,163.800003,165.399994,165.399994,19253
2013-04-25,165.000000,166.199997,164.600006,166.199997,166.199997,204177
2013-04-26,166.899994,166.899994,162.300003,163.199997,163.199997,16798
2013-04-29,164.000000,165.000000,162.399994,164.699997,164.699997,4663
2013-04-30,164.000000,177.300003,164.000000,177.300003,177.300003,3970
2013-05-02,177.300003,177.300003,166.000000,167.100006,167.100006,26489
2013-05-03,167.000000,167.800003,165.399994,166.899994,166.899994,17308
2013-05-06,166.500000,168.399994,166.500000,167.199997,167.199997,4589
2013-05-07,166.500000,167.500000,165.899994,166.000000,166.000000,8321
2013-05-08,166.300003,170.000000,166.000000,170.000000,170.000000,4786
2013-05-13,170.000000,175.000000,170.000000,175.000000,175.000000,11791
2013-05-14,174.899994,176.600006,174.800003,176.600006,176.600006,17077
2013-05-15,176.000000,179.300003,176.000000,176.800003,176.800003,82210
2013-05-16,177.000000,179.000000,176.800003,177.699997,177.699997,3957
2013-05-17,178.000000,178.000000,174.000000,174.300003,174.300003,9556
2013-05-20,174.500000,175.000000,173.800003,174.199997,174.199997,3948
2013-05-21,173.300003,175.000000,172.399994,175.000000,175.000000,4926
2013-05-22,172.800003,179.399994,172.800003,179.399994,179.399994,16614
2013-05-23,178.500000,178.500000,174.300003,175.800003,175.800003,8032
2013-05-24,175.000000,175.399994,173.399994,173.399994,173.399994,2312
2013-05-27,169.000000,173.800003,169.000000,173.300003,173.300003,2546
2013-05-28,172.800003,176.199997,172.800003,176.199997,176.199997,3615
2013-05-29,174.600006,174.600006,169.000000,169.000000,169.000000,11028
2013-05-30,167.899994,168.100006,165.699997,167.399994,167.399994,5894
2013-05-31,167.399994,168.000000,165.300003,165.500000,165.500000,6679
2013-06-03,164.100006,168.500000,163.000000,168.000000,168.000000,7488
2013-06-04,164.199997,169.600006,164.199997,169.500000,169.500000,6271
2013-06-05,169.000000,169.000000,166.600006,166.600006,166.600006,4057
2013-06-07,166.600006,169.600006,166.000000,168.899994,168.899994,11312
2013-06-10,169.000000,169.500000,168.300003,169.500000,169.500000,6635
2013-06-11,162.399994,168.600006,162.399994,168.300003,168.300003,10049
2013-06-12,168.600006,169.699997,168.000000,168.000000,168.000000,7627
2013-06-13,169.500000,169.500000,163.699997,165.899994,165.899994,19931
2013-06-14,166.000000,168.199997,165.899994,168.100006,168.100006,17127
2013-06-17,168.100006,172.899994,168.100006,172.100006,172.100006,6224
2013-06-18,171.399994,172.699997,171.300003,171.800003,171.800003,2634
2013-06-19,170.000000,171.399994,168.699997,169.399994,169.399994,8619
2013-06-20,168.000000,168.000000,161.000000,162.000000,162.000000,65229
2013-06-21,162.000000,162.000000,162.000000,162.000000,162.000000,0
2013-06-24,161.899994,161.899994,156.100006,156.100006,156.100006,8746
2013-06-25,157.000000,160.800003,157.000000,158.500000,158.500000,6283
2013-06-26,158.000000,162.000000,158.000000,162.000000,162.000000,8692
2013-06-27,160.000000,178.699997,160.000000,178.699997,178.699997,22987
2013-06-28,178.699997,178.699997,167.899994,168.399994,168.399994,38436
2013-07-01,168.399994,169.199997,166.500000,169.199997,169.199997,6792
2013-07-02,169.199997,170.199997,169.199997,169.899994,169.899994,3164
2013-07-03,167.399994,168.300003,167.300003,167.800003,167.800003,2861
2013-07-04,169.000000,170.199997,168.199997,168.199997,168.199997,8522
2013-07-05,168.199997,170.000000,168.100006,168.100006,168.100006,4939
2013-07-08,169.100006,171.000000,169.100006,170.399994,170.399994,7014
2013-07-09,170.399994,172.000000,170.000000,172.000000,172.000000,2731
2013-07-10,172.800003,175.000000,172.699997,173.500000,173.500000,10598
2013-07-11,174.600006,176.800003,174.399994,175.300003,175.300003,14303
2013-07-12,179.399994,179.399994,173.500000,173.600006,173.600006,9164
2013-07-15,174.300003,175.800003,174.300003,175.699997,175.699997,5585
2013-07-16,175.300003,175.699997,174.699997,175.000000,175.000000,3849
2013-07-17,175.199997,175.199997,173.199997,174.699997,174.699997,4428
2013-07-18,174.600006,176.699997,167.000000,172.100006,172.100006,11845
2013-07-19,171.800003,171.800003,170.300003,171.100006,171.100006,4721
2013-07-22,170.899994,172.699997,169.899994,172.199997,172.199997,7893
2013-07-23,172.199997,172.699997,171.600006,171.699997,171.699997,5178
2013-07-24,172.399994,173.699997,171.800003,173.100006,173.100006,3091
2013-07-25,173.300003,173.300003,170.199997,171.100006,171.100006,2441
2013-07-26,171.399994,171.800003,169.500000,169.899994,169.899994,3371
2013-07-29,170.000000,171.100006,169.800003,170.500000,170.500000,5290
2013-07-30,171.600006,172.199997,171.600006,171.800003,171.800003,4654
2013-07-31,171.899994,173.000000,171.600006,172.399994,172.399994,2104
2013-08-01,174.199997,175.000000,173.300003,175.000000,175.000000,1403
2013-08-02,175.000000,175.000000,174.500000,174.899994,174.899994,2156
2013-08-05,178.699997,178.699997,174.000000,175.000000,175.000000,1315
2013-08-06,175.000000,176.800003,174.399994,176.800003,176.800003,11101
2013-08-07,176.699997,176.699997,173.800003,173.800003,173.800003,2566
2013-08-08,173.600006,173.800003,172.000000,172.000000,172.000000,1062
2013-08-09,172.000000,173.100006,171.300003,172.300003,172.300003,2860
2013-08-12,172.100006,172.300003,169.100006,169.100006,169.100006,10520
2013-08-13,169.100006,172.899994,169.100006,172.899994,172.899994,5331
2013-08-14,172.899994,172.899994,171.300003,172.100006,172.100006,947
2013-08-15,172.100006,172.100006,169.300003,169.300003,169.300003,2686
2013-08-16,169.300003,170.000000,169.000000,169.000000,169.000000,1551
2013-08-19,169.000000,170.500000,169.000000,170.500000,170.500000,7534
2013-08-20,170.300003,171.199997,169.000000,171.199997,171.199997,4631
2013-08-21,171.199997,171.199997,170.199997,170.199997,170.199997,186
2013-08-22,170.600006,172.100006,170.000000,172.100006,172.100006,3495
2013-08-23,170.000000,171.800003,169.899994,171.800003,171.800003,1013
2013-08-26,172.100006,173.899994,171.199997,173.899994,173.899994,4855
2013-08-27,173.500000,173.600006,168.199997,168.899994,168.899994,7077
2013-08-28,167.500000,167.500000,163.699997,164.399994,164.399994,5576
2013-08-29,164.699997,166.899994,164.699997,166.800003,166.800003,4549
2013-08-30,167.000000,167.000000,161.800003,162.199997,162.199997,3913
2013-09-02,161.000000,166.199997,161.000000,166.199997,166.199997,8717
2013-09-03,167.500000,167.500000,165.399994,166.000000,166.000000,10112
2013-09-04,165.800003,166.000000,163.899994,165.000000,165.000000,48557
2013-09-05,164.899994,166.600006,164.899994,165.100006,165.100006,3915
2013-09-06,165.100006,167.100006,164.000000,165.300003,165.300003,1995
2013-09-09,168.899994,168.899994,164.100006,165.800003,165.800003,6759
2013-09-10,165.100006,171.600006,165.100006,171.600006,171.600006,17093
2013-09-11,171.300003,171.600006,170.100006,170.100006,170.100006,2034
2013-09-12,152.000000,170.899994,152.000000,168.899994,168.899994,5128
2013-09-13,168.500000,171.000000,168.500000,170.800003,170.800003,11507
2013-09-16,171.600006,171.600006,169.600006,170.399994,170.399994,3336
2013-09-17,170.000000,170.600006,168.899994,169.300003,169.300003,11574
2013-09-18,169.300003,169.600006,167.699997,168.000000,168.000000,1723
2013-09-19,170.100006,171.000000,168.199997,169.500000,169.500000,8181
2013-09-20,169.500000,169.500000,164.600006,164.699997,164.699997,12834
2013-09-23,164.300003,165.000000,163.500000,164.800003,164.800003,2803
2013-09-24,164.100006,165.699997,164.100006,165.600006,165.600006,3471
2013-09-25,166.100006,166.100006,164.500000,165.100006,165.100006,2136
2013-09-26,165.899994,165.899994,162.800003,162.899994,162.899994,5365
2013-09-27,162.800003,163.500000,161.500000,163.500000,163.500000,8605
2013-09-30,161.699997,162.600006,160.899994,162.600006,162.600006,6228
2013-10-01,162.399994,162.600006,161.000000,162.600006,162.600006,5877
2013-10-02,161.100006,163.100006,161.000000,163.100006,163.100006,3908
2013-10-03,163.300003,163.300003,162.100006,162.100006,162.100006,2100
2013-10-04,161.699997,162.500000,161.500000,162.000000,162.000000,5565
2013-10-07,161.600006,161.600006,159.000000,159.000000,159.000000,2291
2013-10-08,159.399994,159.399994,156.500000,156.500000,156.500000,5224
2013-10-09,156.500000,159.899994,156.500000,157.699997,157.699997,8407
2013-10-10,158.600006,161.399994,158.199997,161.399994,161.399994,2409
2013-10-11,162.000000,162.199997,161.199997,162.000000,162.000000,739
2013-10-14,160.899994,160.899994,159.300003,159.500000,159.500000,4344
2013-10-15,159.800003,161.000000,159.100006,160.699997,160.699997,5061
2013-10-16,160.699997,160.699997,157.800003,159.300003,159.300003,870
2013-10-17,159.300003,162.500000,159.300003,162.500000,162.500000,12025
2013-10-18,163.500000,173.500000,163.500000,173.500000,173.500000,17613
2013-10-21,173.500000,177.899994,173.500000,177.800003,177.800003,74828
2013-10-22,177.699997,177.899994,175.399994,176.899994,176.899994,5873
2013-10-23,176.000000,177.899994,176.000000,177.500000,177.500000,6563
2013-10-24,177.000000,180.600006,177.000000,180.600006,180.600006,7898
2013-10-25,180.000000,181.800003,180.000000,181.300003,181.300003,33792
2013-10-28,180.600006,183.100006,180.600006,183.100006,183.100006,35333
2013-10-29,183.000000,183.300003,181.000000,182.800003,182.800003,27738
2013-10-30,183.000000,184.300003,183.000000,184.000000,184.000000,4896
2013-10-31,183.000000,184.699997,183.000000,183.000000,183.000000,6229
2013-11-01,183.000000,185.399994,183.000000,184.300003,184.300003,6279
2013-11-04,183.000000,186.699997,183.000000,184.500000,184.500000,5336
2013-11-05,185.899994,186.000000,183.500000,183.600006,183.600006,4582
2013-11-06,184.699997,187.000000,184.699997,185.600006,185.600006,6555
2013-11-07,185.000000,187.000000,185.000000,186.199997,186.199997,6427
2013-11-08,185.300003,187.199997,183.300003,187.199997,187.199997,6228
2013-11-11,187.199997,188.699997,187.199997,187.399994,187.399994,6674
2013-11-12,187.899994,188.000000,186.500000,187.399994,187.399994,7834
2013-11-13,184.800003,186.699997,184.800003,185.100006,185.100006,4707
2013-11-14,187.199997,188.600006,187.199997,188.600006,188.600006,13189
2013-11-15,188.500000,188.800003,187.699997,188.800003,188.800003,11058
2013-11-18,188.500000,191.600006,186.699997,191.600006,191.600006,20178
2013-11-19,190.100006,192.000000,190.100006,191.899994,191.899994,11102
2013-11-20,190.500000,191.300003,190.000000,190.000000,190.000000,2374
2013-11-21,189.899994,191.100006,188.199997,191.100006,191.100006,4722
2013-11-22,191.300003,193.300003,191.300003,192.699997,192.699997,11268
2013-11-25,192.300003,193.100006,191.100006,192.199997,192.199997,25274
2013-11-26,192.199997,192.899994,190.500000,190.600006,190.600006,3424
2013-11-27,190.300003,191.000000,189.800003,191.000000,191.000000,5002
2013-11-28,191.000000,192.000000,191.000000,192.000000,192.000000,6699
2013-11-29,193.899994,194.199997,191.600006,191.600006,191.600006,5442
2013-12-02,192.399994,194.600006,192.399994,194.600006,194.600006,4637
2013-12-03,194.800003,194.899994,189.800003,190.300003,190.300003,7258
2013-12-04,190.500000,191.100006,187.800003,189.500000,189.500000,11575
2013-12-05,189.600006,190.100006,188.399994,188.699997,188.699997,11988
2013-12-06,190.000000,190.000000,187.899994,189.600006,189.600006,1728
2013-12-09,190.000000,190.000000,187.000000,188.199997,188.199997,7269
2013-12-10,188.000000,189.899994,187.399994,188.100006,188.100006,18329
2013-12-11,187.100006,189.100006,187.100006,188.100006,188.100006,5508
2013-12-12,188.000000,188.300003,186.500000,186.800003,186.800003,8715
2013-12-13,186.500000,186.500000,185.500000,185.500000,185.500000,8685
2013-12-16,189.500000,189.500000,184.399994,188.300003,188.300003,17580
2013-12-17,188.100006,190.899994,185.100006,189.600006,189.600006,12602
2013-12-18,188.000000,191.000000,188.000000,191.000000,191.000000,11422
2013-12-19,190.000000,195.199997,190.000000,193.500000,193.500000,15092
2013-12-20,195.000000,195.000000,192.100006,193.699997,193.699997,20311
2013-12-23,193.199997,195.199997,193.199997,195.199997,195.199997,5324
2013-12-27,195.199997,198.800003,193.000000,193.000000,193.000000,5359
2013-12-30,196.199997,198.300003,196.199997,198.000000,198.000000,13180
2014-01-02,198.000000,198.500000,190.000000,196.199997,196.199997,12023
2014-01-03,195.399994,196.500000,195.399994,196.500000,196.500000,6126
2014-01-07,196.500000,199.100006,196.500000,198.000000,198.000000,15063
2014-01-08,198.000000,198.000000,195.100006,195.500000,195.500000,11194
2014-01-09,195.500000,197.899994,195.399994,197.199997,197.199997,7932
2014-01-10,190.500000,199.500000,190.500000,199.100006,199.100006,10350
2014-01-13,199.000000,199.800003,197.399994,197.699997,197.699997,6378
2014-01-14,196.500000,196.500000,195.000000,196.000000,196.000000,26365
2014-01-15,198.699997,198.699997,196.500000,197.899994,197.899994,8016
2014-01-16,197.500000,198.100006,197.199997,197.899994,197.899994,8609
2014-01-17,197.100006,197.300003,194.100006,195.800003,195.800003,12262
2014-01-20,194.699997,197.100006,194.699997,196.600006,196.600006,26421
2014-01-21,197.199997,198.000000,196.800003,197.100006,197.100006,11169
2014-01-22,196.899994,200.000000,196.899994,199.300003,199.300003,46843
2014-01-23,199.500000,202.600006,197.600006,197.600006,197.600006,18881
2014-01-24,198.100006,199.000000,193.399994,193.399994,193.399994,19539
2014-01-27,193.000000,193.000000,189.399994,192.000000,192.000000,19465
2014-01-28,192.199997,192.300003,189.899994,190.000000,190.000000,10374
2014-01-29,183.800003,184.500000,177.300003,180.699997,180.699997,100532
2014-01-30,179.199997,182.600006,178.100006,182.600006,182.600006,15234
2014-01-31,183.000000,186.899994,182.500000,185.899994,185.899994,17886
2014-02-03,186.000000,187.300003,184.199997,186.100006,186.100006,19749
2014-02-04,185.500000,185.500000,183.699997,183.699997,183.699997,15346
2014-02-05,185.000000,185.000000,182.199997,183.399994,183.399994,16536
2014-02-06,180.000000,188.500000,180.000000,187.500000,187.500000,18303
2014-02-07,188.300003,195.000000,188.100006,188.500000,188.500000,6524
2014-02-10,189.000000,189.800003,188.199997,189.399994,189.399994,12642
2014-02-11,190.699997,190.699997,188.600006,189.800003,189.800003,15448
2014-02-12,190.899994,190.899994,186.699997,187.300003,187.300003,12242
2014-02-13,187.500000,190.000000,186.800003,190.000000,190.000000,15506
2014-02-14,190.000000,192.199997,190.000000,191.100006,191.100006,23672
2014-02-17,190.600006,193.300003,190.600006,192.800003,192.800003,8911
2014-02-18,192.500000,192.500000,189.500000,190.699997,190.699997,13027
2014-02-19,189.699997,191.000000,189.300003,191.000000,191.000000,7503
2014-02-20,190.000000,191.600006,188.300003,191.600006,191.600006,5865
2014-02-21,190.600006,192.100006,190.500000,191.699997,191.699997,7936
2014-02-24,191.800003,192.000000,189.500000,192.000000,192.000000,8938
2014-02-25,191.899994,193.300003,191.699997,193.300003,193.300003,40503
2014-02-26,192.800003,194.800003,192.800003,194.600006,194.600006,29604
2014-02-27,194.300003,194.699997,191.199997,193.399994,193.399994,15308
2014-02-28,193.100006,195.699997,193.100006,194.800003,194.800003,10177
2014-03-03,190.899994,192.600006,190.800003,191.100006,191.100006,25997
2014-03-04,190.000000,193.500000,190.000000,191.600006,191.600006,22115
2014-03-05,192.100006,192.100006,189.199997,189.199997,189.199997,20605
2014-03-06,189.199997,191.800003,189.100006,191.800003,191.800003,9099
2014-03-07,191.000000,192.399994,189.500000,189.500000,189.500000,9503
2014-03-10,189.000000,189.500000,187.100006,188.399994,188.399994,5470
2014-03-11,188.399994,189.000000,186.899994,188.100006,188.100006,309646
2014-03-12,187.000000,187.000000,183.399994,185.000000,185.000000,13239
2014-03-13,185.000000,185.000000,183.899994,184.000000,184.000000,13445
2014-03-14,183.800003,183.800003,181.199997,183.000000,183.000000,7922
2014-03-17,182.000000,186.000000,182.000000,186.000000,186.000000,21899
2014-03-18,184.699997,186.000000,183.199997,185.800003,185.800003,13621
2014-03-19,185.899994,185.899994,184.399994,184.600006,184.600006,34783
2014-03-20,184.199997,184.500000,181.199997,184.500000,184.500000,16274
2014-03-21,184.199997,186.399994,184.199997,185.300003,185.300003,32997
2014-03-24,184.300003,185.300003,183.300003,183.399994,183.399994,4466
2014-03-25,185.000000,186.699997,184.300003,185.199997,185.199997,12013559
2014-03-26,188.000000,188.000000,185.500000,185.699997,185.699997,12024
2014-03-27,185.199997,187.699997,185.199997,187.699997,187.699997,26636
2014-03-28,187.100006,189.500000,187.100006,188.399994,188.399994,37135
2014-03-31,190.500000,193.199997,188.899994,190.600006,190.600006,20115
2014-04-01,191.199997,191.899994,190.300003,190.699997,190.699997,10360
2014-04-02,190.399994,192.500000,190.399994,192.500000,192.500000,7634
2014-04-03,192.699997,193.000000,190.199997,190.500000,190.500000,9900
2014-04-04,190.500000,191.500000,190.000000,190.000000,190.000000,24231
2014-04-07,190.100006,190.100006,186.899994,187.000000,187.000000,42400
2014-04-08,187.000000,187.399994,185.100006,185.899994,185.899994,92004
2014-04-09,184.600006,187.300003,183.300003,184.300003,184.300003,33616
2014-04-10,184.600006,185.399994,182.000000,182.600006,182.600006,81305
2014-04-11,182.000000,182.000000,176.500000,179.000000,179.000000,98533
2014-04-14,178.000000,185.100006,178.000000,184.199997,184.199997,37152
2014-04-15,184.000000,184.600006,181.000000,181.399994,181.399994,40448
2014-04-16,175.699997,182.300003,175.699997,180.199997,180.199997,39371
2014-04-17,178.899994,182.100006,178.899994,181.800003,181.800003,8112
2014-04-22,181.800003,185.199997,181.500000,184.399994,184.399994,56436
2014-04-23,184.800003,185.000000,182.199997,182.699997,182.699997,40254
2014-04-24,189.500000,189.500000,181.300003,185.199997,185.199997,30035
2014-04-25,185.000000,186.800003,184.600006,185.000000,185.000000,34758
2014-04-28,186.100006,187.000000,184.699997,185.000000,185.000000,24157
2014-04-29,178.100006,181.000000,177.100006,179.199997,179.199997,110606
2014-04-30,179.500000,181.899994,179.199997,181.399994,181.399994,19798
2014-05-02,181.399994,182.800003,180.000000,180.399994,180.399994,25545
2014-05-05,180.000000,180.800003,179.000000,180.399994,180.399994,20871
2014-05-06,181.000000,181.100006,177.800003,178.300003,178.300003,70875
2014-05-07,178.500000,178.500000,175.300003,176.000000,176.000000,29586
2014-05-08,176.000000,179.699997,176.000000,179.600006,179.600006,18962
2014-05-09,178.899994,180.899994,178.699997,180.800003,180.800003,15735
2014-05-12,179.800003,182.399994,179.800003,181.500000,181.500000,51750
2014-05-13,181.500000,182.600006,181.500000,181.699997,181.699997,23337
2014-05-14,182.000000,184.000000,182.000000,183.000000,183.000000,18345
2014-05-15,184.600006,185.300003,183.500000,184.800003,184.800003,15890
2014-05-16,184.199997,187.899994,184.199997,187.399994,187.399994,23681
2014-05-19,185.300003,188.199997,185.300003,187.699997,187.699997,22538
2014-05-20,187.699997,188.600006,187.699997,188.000000,188.000000,26589
2014-05-21,188.000000,188.100006,187.100006,188.000000,188.000000,23513
2014-05-22,188.899994,189.199997,187.699997,188.899994,188.899994,8558
2014-05-23,187.500000,188.899994,187.399994,188.899994,188.899994,11991
2014-05-26,188.000000,189.500000,188.000000,188.800003,188.800003,18942
2014-05-27,188.199997,189.100006,187.699997,188.899994,188.899994,14155
2014-05-28,189.800003,189.800003,186.199997,187.199997,187.199997,6560
2014-05-30,187.199997,188.000000,185.899994,186.399994,186.399994,9379
2014-06-02,186.899994,188.399994,186.699997,188.399994,188.399994,25322
2014-06-03,186.800003,189.399994,186.800003,188.899994,188.899994,9358
2014-06-04,188.699997,189.699997,188.100006,189.699997,189.699997,11809
2014-06-05,189.699997,190.000000,186.600006,187.000000,187.000000,27365
2014-06-09,187.000000,190.399994,186.100006,190.300003,190.300003,16630
2014-06-10,189.800003,191.300003,189.699997,190.399994,190.399994,9629
2014-06-11,189.800003,190.500000,189.000000,189.000000,189.000000,5684
2014-06-12,191.000000,191.000000,188.500000,189.300003,189.300003,16149
2014-06-13,189.300003,189.500000,187.100006,187.899994,187.899994,16707
2014-06-16,185.399994,187.500000,185.399994,187.399994,187.399994,72074
2014-06-17,187.399994,188.699997,185.300003,185.800003,185.800003,49254
2014-06-18,186.100006,186.300003,184.399994,185.100006,185.100006,46343
2014-06-19,184.300003,185.300003,182.399994,183.699997,183.699997,46776
2014-06-23,183.699997,189.000000,182.899994,185.000000,185.000000,40937
2014-06-24,185.199997,185.199997,183.899994,184.899994,184.899994,15221
2014-06-25,184.000000,184.000000,179.000000,179.199997,179.199997,24263
2014-06-26,179.199997,179.199997,174.300003,174.300003,174.300003,25009
2014-06-27,174.300003,175.100006,172.800003,174.199997,174.199997,80138
2014-06-30,174.000000,175.000000,173.800003,173.800003,173.800003,10599
2014-07-01,175.000000,175.600006,174.000000,175.399994,175.399994,15357
2014-07-02,175.399994,177.399994,175.399994,176.800003,176.800003,25133
2014-07-03,177.800003,178.500000,177.600006,178.100006,178.100006,15494
2014-07-04,178.800003,178.800003,176.199997,176.399994,176.399994,25068
2014-07-07,175.899994,176.500000,175.300003,175.399994,175.399994,4871
2014-07-08,174.000000,176.600006,174.000000,175.800003,175.800003,20303
2014-07-09,176.600006,176.600006,173.500000,173.899994,173.899994,4644
2014-07-10,173.300003,173.500000,170.800003,172.500000,172.500000,29301
2014-07-11,171.600006,173.699997,171.600006,172.500000,172.500000,5197
2014-07-14,173.899994,174.399994,173.800003,174.300003,174.300003,12942
2014-07-15,174.800003,174.800003,171.800003,171.800003,171.800003,19273
2014-07-16,171.500000,174.500000,171.500000,172.899994,172.899994,25537
2014-07-17,173.000000,173.199997,171.699997,172.500000,172.500000,11084
2014-07-18,172.500000,179.800003,169.800003,178.100006,178.100006,212106
2014-07-21,178.500000,181.699997,178.399994,179.600006,179.600006,79764
2014-07-22,180.600006,181.000000,177.100006,178.000000,178.000000,15625
2014-07-23,177.800003,178.199997,177.199997,178.199997,178.199997,4503
2014-07-24,178.500000,178.500000,175.699997,176.199997,176.199997,13997
2014-07-25,176.199997,176.199997,174.399994,174.399994,174.399994,8589
2014-07-28,174.100006,175.399994,173.800003,175.100006,175.100006,31272
2014-07-29,175.199997,175.800003,174.500000,175.000000,175.000000,3111
2014-07-30,174.000000,174.000000,173.000000,173.399994,173.399994,6610
2014-07-31,173.899994,173.899994,170.600006,171.100006,171.100006,5956
2014-08-01,170.000000,170.500000,167.300003,167.899994,167.899994,41188
2014-08-04,168.100006,168.199997,166.600006,166.600006,166.600006,6852
2014-08-05,167.800003,167.800003,165.500000,166.500000,166.500000,6681
2014-08-06,166.000000,167.399994,165.800003,165.800003,165.800003,15394
2014-08-07,166.000000,167.399994,165.000000,166.100006,166.100006,5273
2014-08-08,164.800003,165.300003,164.000000,164.300003,164.300003,17410
2014-08-11,165.199997,168.100006,165.199997,168.000000,168.000000,17317
2014-08-12,168.199997,168.199997,165.500000,165.500000,165.500000,7032
2014-08-13,165.500000,167.500000,165.500000,167.500000,167.500000,6227
2014-08-14,168.500000,168.500000,167.100006,168.199997,168.199997,16471
2014-08-15,168.899994,169.300003,167.100006,167.100006,167.100006,9796
2014-08-18,167.100006,169.000000,167.100006,169.000000,169.000000,4779
2014-08-19,169.000000,170.500000,169.000000,170.500000,170.500000,3272
2014-08-20,170.500000,170.500000,169.500000,169.899994,169.899994,4079
2014-08-21,170.000000,170.000000,168.300003,169.500000,169.500000,5877
2014-08-22,169.500000,169.500000,168.399994,168.800003,168.800003,36694
2014-08-25,160.500000,170.800003,160.500000,170.000000,170.000000,6196
2014-08-26,170.000000,171.000000,169.800003,170.000000,170.000000,4684
2014-08-27,171.199997,171.199997,167.800003,169.199997,169.199997,4784
2014-08-28,169.300003,169.500000,168.300003,168.300003,168.300003,11663
2014-08-29,168.199997,168.300003,167.399994,167.800003,167.800003,12942
2014-09-01,169.000000,169.000000,167.399994,167.800003,167.800003,2614
2014-09-02,168.000000,168.000000,165.399994,166.800003,166.800003,21509
2014-09-03,166.800003,170.699997,166.800003,170.399994,170.399994,28383
2014-09-04,170.399994,173.000000,170.399994,173.000000,173.000000,9719
2014-09-05,173.000000,173.000000,171.100006,172.199997,172.199997,2311
2014-09-08,172.000000,172.500000,170.600006,172.500000,172.500000,6337
2014-09-09,171.600006,171.600006,169.500000,169.500000,169.500000,219596
2014-09-10,172.800003,172.800003,169.100006,171.199997,171.199997,31209
2014-09-11,172.000000,172.000000,171.000000,171.000000,171.000000,12540
2014-09-12,171.000000,172.500000,171.000000,172.500000,172.500000,20906
2014-09-15,172.199997,172.199997,171.000000,171.500000,171.500000,10306
2014-09-16,171.500000,173.300003,171.500000,173.199997,173.199997,7444
2014-09-17,174.100006,175.100006,174.100006,174.300003,174.300003,10230
2014-09-18,174.500000,177.600006,174.300003,177.600006,177.600006,13426
2014-09-19,178.600006,178.600006,176.600006,176.699997,176.699997,40150
2014-09-22,170.000000,175.300003,170.000000,174.699997,174.699997,15592
2014-09-23,175.000000,175.000000,172.600006,172.600006,172.600006,10379
2014-09-24,172.699997,173.800003,172.600006,173.800003,173.800003,5634
2014-09-25,174.199997,174.199997,171.500000,171.500000,171.500000,12189
2014-09-26,172.000000,174.000000,171.699997,173.500000,173.500000,9124
2014-09-29,173.500000,174.199997,170.699997,170.899994,170.899994,8149
2014-09-30,171.000000,172.300003,170.800003,172.300003,172.300003,3835
2014-10-01,171.600006,171.600006,170.199997,170.199997,170.199997,15031
2014-10-02,170.100006,170.199997,168.600006,168.600006,168.600006,12842
2014-10-03,169.899994,169.899994,167.600006,169.399994,169.399994,9962
2014-10-06,169.600006,170.399994,169.399994,169.699997,169.699997,4787
2014-10-07,170.500000,170.500000,165.500000,165.500000,165.500000,29414
2014-10-08,165.399994,165.699997,163.300003,163.300003,163.300003,26810
2014-10-09,165.300003,165.800003,162.600006,162.800003,162.800003,18904
2014-10-10,161.800003,162.800003,160.600006,161.100006,161.100006,13231
2014-10-13,159.899994,162.899994,159.899994,161.800003,161.800003,20113
2014-10-14,160.899994,161.399994,159.899994,161.100006,161.100006,19734
2014-10-15,161.199997,161.500000,158.199997,158.600006,158.600006,16027
2014-10-16,159.000000,160.399994,155.899994,157.100006,157.100006,24333
2014-10-17,157.600006,162.800003,156.899994,162.800003,162.800003,11588
2014-10-20,162.600006,164.199997,162.300003,163.800003,163.800003,23449
2014-10-21,163.800003,167.100006,163.500000,167.100006,167.100006,9618
2014-10-22,166.600006,168.899994,166.300003,167.399994,167.399994,39272
2014-10-23,166.699997,169.199997,166.100006,169.199997,169.199997,23678
2014-10-24,167.800003,168.399994,166.699997,166.699997,166.699997,5659
2014-10-27,167.899994,169.300003,167.500000,168.699997,168.699997,42029
2014-10-28,168.399994,170.899994,168.399994,170.000000,170.000000,10143
2014-10-29,166.100006,166.199997,161.199997,163.500000,163.500000,65584
2014-10-30,164.500000,165.399994,163.500000,165.199997,165.199997,25769
2014-10-31,167.000000,167.000000,164.899994,165.699997,165.699997,14000
2014-11-03,165.699997,166.800003,165.399994,166.800003,166.800003,29064
2014-11-04,166.800003,167.600006,166.399994,166.899994,166.899994,16029
2014-11-05,168.300003,169.600006,167.899994,169.300003,169.300003,24863
2014-11-06,169.300003,172.199997,169.300003,172.100006,172.100006,27534
2014-11-07,172.100006,172.100006,167.500000,168.100006,168.100006,23959
2014-11-10,168.100006,169.300003,168.000000,169.300003,169.300003,15028
2014-11-11,169.800003,169.899994,168.699997,169.500000,169.500000,9343
2014-11-12,170.000000,170.000000,168.800003,169.199997,169.199997,8372
2014-11-13,170.000000,171.000000,169.600006,170.899994,170.899994,22708
2014-11-14,171.300003,171.399994,170.000000,170.699997,170.699997,8141
2014-11-17,170.899994,171.399994,169.600006,170.399994,170.399994,10942
2014-11-18,170.500000,170.600006,170.000000,170.000000,170.000000,4364
2014-11-19,170.000000,170.399994,168.699997,170.399994,170.399994,9999
2014-11-20,170.300003,170.300003,169.100006,169.399994,169.399994,7900
2014-11-21,169.100006,174.399994,169.100006,174.399994,174.399994,14281
2014-11-24,174.600006,174.600006,173.300003,174.399994,174.399994,16764
2014-11-25,172.800003,174.899994,172.800003,174.899994,174.899994,3866
2014-11-26,175.300003,176.000000,174.399994,174.899994,174.899994,6166
2014-11-27,174.500000,177.000000,174.500000,177.000000,177.000000,2195
2014-11-28,176.699997,176.699997,174.199997,176.300003,176.300003,32274
2014-12-01,175.000000,176.500000,174.800003,175.899994,175.899994,16112
2014-12-02,176.000000,176.000000,173.899994,174.699997,174.699997,15275
2014-12-03,175.000000,176.399994,175.000000,176.399994,176.399994,11806
2014-12-04,176.899994,177.100006,174.800003,174.800003,174.800003,6224
2014-12-05,175.899994,177.000000,175.500000,176.600006,176.600006,18121
2014-12-08,176.100006,176.600006,176.100006,176.600006,176.600006,2279
2014-12-09,175.399994,175.600006,173.899994,173.899994,173.899994,22011
2014-12-10,174.199997,175.699997,172.800003,172.800003,172.800003,3788
2014-12-11,171.500000,173.500000,168.000000,172.699997,172.699997,16262
2014-12-12,171.899994,173.100006,171.100006,171.100006,171.100006,13664
2014-12-15,172.000000,172.399994,168.899994,168.899994,168.899994,13422
2014-12-16,173.500000,173.500000,164.899994,166.399994,166.399994,32527
2014-12-17,166.000000,166.500000,164.500000,165.399994,165.399994,20415
2014-12-18,166.000000,167.800003,166.000000,167.800003,167.800003,5508
2014-12-19,167.300003,170.000000,166.500000,169.000000,169.000000,14713
2014-12-22,170.199997,170.500000,169.600006,169.699997,169.699997,20552
2014-12-23,170.199997,170.300003,169.500000,169.800003,169.800003,9804
2014-12-29,169.800003,170.000000,168.899994,170.000000,170.000000,10297
2014-12-30,169.300003,169.699997,168.600006,169.000000,169.000000,11689
2015-01-02,169.000000,169.199997,167.699997,167.699997,167.699997,9319
2015-01-05,167.500000,168.399994,166.300003,167.100006,167.100006,4272
2015-01-07,167.100006,168.000000,161.300003,162.800003,162.800003,17438
2015-01-08,165.000000,169.500000,165.000000,169.000000,169.000000,24046
2015-01-09,168.800003,170.600006,168.100006,168.800003,168.800003,10427
2015-01-12,169.899994,170.600006,169.300003,170.000000,170.000000,6254
2015-01-13,170.000000,173.899994,169.600006,172.699997,172.699997,13015
2015-01-14,172.500000,172.699997,170.899994,170.899994,170.899994,17751
2015-01-15,172.899994,174.199997,170.300003,174.100006,174.100006,11279
2015-01-16,174.000000,177.300003,173.100006,177.300003,177.300003,8642
2015-01-19,176.899994,177.899994,174.800003,175.899994,175.899994,7146
2015-01-20,175.899994,177.000000,175.899994,177.000000,177.000000,9094
2015-01-21,177.600006,177.899994,175.399994,177.899994,177.899994,9043
2015-01-22,178.399994,183.000000,178.399994,182.399994,182.399994,28662
2015-01-23,182.500000,183.000000,180.100006,181.000000,181.000000,18045
2015-01-26,181.000000,183.500000,180.399994,183.500000,183.500000,8376
2015-01-27,181.699997,183.800003,179.300003,180.800003,180.800003,18398
2015-01-28,181.600006,183.699997,180.399994,183.300003,183.300003,16771
2015-01-29,184.899994,184.899994,181.399994,183.800003,183.800003,11449
2015-01-30,196.800003,201.899994,192.199997,200.199997,200.199997,119772
2015-02-02,199.899994,209.399994,199.899994,207.600006,207.600006,14093
2015-02-03,208.000000,209.000000,203.300003,204.000000,204.000000,22628
2015-02-04,203.699997,207.600006,203.199997,207.199997,207.199997,352298
2015-02-05,204.699997,205.500000,204.000000,204.899994,204.899994,10536
2015-02-06,204.500000,204.500000,200.800003,201.500000,201.500000,15267
2015-02-09,201.899994,201.899994,197.100006,197.100006,197.100006,27850
2015-02-10,197.199997,201.500000,197.000000,200.000000,200.000000,19406
2015-02-11,200.000000,202.500000,198.899994,200.800003,200.800003,37523
2015-02-12,204.500000,204.500000,196.500000,199.399994,199.399994,32470
2015-02-13,199.399994,200.199997,197.300003,200.199997,200.199997,22488
2015-02-16,200.199997,200.199997,196.500000,197.300003,197.300003,21109
2015-02-17,196.699997,196.699997,194.500000,195.800003,195.800003,29114
2015-02-18,195.600006,197.600006,194.600006,196.199997,196.199997,23880
2015-02-19,196.199997,199.000000,195.000000,198.500000,198.500000,58007
2015-02-20,197.899994,198.899994,196.699997,198.899994,198.899994,7255
2015-02-23,199.199997,200.399994,198.000000,198.899994,198.899994,11591
2015-02-24,199.800003,201.199997,198.399994,201.000000,201.000000,20970
2015-02-25,201.500000,202.000000,200.000000,202.000000,202.000000,18525
2015-02-26,201.699997,203.699997,201.000000,203.699997,203.699997,10423
2015-02-27,203.699997,208.500000,202.899994,208.500000,208.500000,15342
2015-03-02,207.000000,207.699997,204.000000,204.699997,204.699997,6384
2015-03-03,204.899994,206.399994,202.600006,202.600006,202.600006,14479
2015-03-04,203.300003,204.699997,200.800003,204.699997,204.699997,11951
2015-03-05,204.699997,209.000000,204.699997,208.600006,208.600006,11757
2015-03-06,208.600006,208.600006,205.600006,205.600006,205.600006,22937
2015-03-09,205.000000,206.899994,202.399994,206.500000,206.500000,9427
2015-03-10,207.699997,207.699997,202.100006,203.800003,203.800003,3105
2015-03-11,202.300003,206.100006,202.300003,205.300003,205.300003,120284
2015-03-12,206.500000,206.500000,204.600006,204.600006,204.600006,25154
2015-03-13,205.600006,209.000000,205.600006,208.100006,208.100006,3890
2015-03-16,208.300003,209.800003,206.699997,206.699997,206.699997,8727
2015-03-17,208.500000,209.500000,204.500000,205.199997,205.199997,49208
2015-03-18,205.399994,208.300003,202.800003,205.199997,205.199997,9015
2015-03-19,205.500000,208.199997,205.500000,206.100006,206.100006,6562
2015-03-20,207.100006,207.699997,205.899994,205.899994,205.899994,4738
2015-03-23,205.399994,206.399994,203.800003,205.600006,205.600006,3124
2015-03-24,207.300003,207.300003,205.699997,205.699997,205.699997,3674
2015-03-25,206.800003,206.800003,197.500000,197.800003,197.800003,12248
2015-03-26,198.100006,198.100006,194.699997,197.100006,197.100006,9183
2015-03-27,195.000000,198.600006,195.000000,195.500000,195.500000,12953
2015-03-30,196.699997,199.800003,196.399994,198.500000,198.500000,8469
2015-03-31,199.899994,203.100006,198.500000,200.000000,200.000000,5175
2015-04-01,198.000000,201.199997,197.899994,200.500000,200.500000,7722
2015-04-02,200.100006,201.000000,199.800003,200.899994,200.899994,1122
2015-04-07,200.899994,205.000000,200.899994,204.399994,204.399994,6922
2015-04-08,204.100006,204.500000,203.000000,203.800003,203.800003,14486
2015-04-09,204.000000,206.000000,204.000000,205.199997,205.199997,2883
2015-04-10,202.399994,207.000000,202.399994,207.000000,207.000000,16843
2015-04-13,206.600006,206.600006,204.399994,206.500000,206.500000,5573
2015-04-14,205.899994,207.500000,203.500000,207.000000,207.000000,7383
2015-04-15,207.600006,213.399994,207.600006,212.600006,212.600006,21220
2015-04-16,211.000000,211.000000,206.199997,208.199997,208.199997,16394
2015-04-17,207.300003,209.600006,206.399994,206.600006,206.600006,8566
2015-04-20,206.399994,208.500000,206.399994,207.000000,207.000000,9594
2015-04-21,207.199997,210.199997,207.000000,207.000000,207.000000,1516
2015-04-22,205.000000,208.100006,204.500000,206.000000,206.000000,8719
2015-04-23,206.699997,208.000000,203.399994,204.000000,204.000000,6740
2015-04-24,203.000000,206.000000,203.000000,205.000000,205.000000,3604
2015-04-27,205.399994,210.100006,205.399994,210.000000,210.000000,13967
2015-04-28,209.000000,209.100006,202.300003,203.000000,203.000000,13332
2015-04-29,204.100006,204.500000,199.399994,199.500000,199.500000,13248
2015-04-30,200.000000,215.699997,200.000000,211.699997,211.699997,52290
2015-05-04,211.699997,220.500000,211.699997,217.199997,217.199997,36800
2015-05-05,218.000000,219.500000,216.100006,216.100006,216.100006,114258
2015-05-06,216.000000,217.600006,216.000000,216.600006,216.600006,14262
2015-05-07,215.000000,218.699997,215.000000,216.500000,216.500000,38990
2015-05-08,219.300003,221.699997,215.000000,221.699997,221.699997,28125
2015-05-11,220.000000,221.199997,218.000000,218.000000,218.000000,16200
2015-05-12,217.500000,217.500000,214.199997,215.699997,215.699997,35125
2015-05-13,215.000000,219.000000,215.000000,219.000000,219.000000,11115
2015-05-15,219.000000,219.100006,213.600006,215.500000,215.500000,9571
2015-05-18,216.000000,216.100006,212.699997,216.100006,216.100006,10250
2015-05-19,216.500000,221.600006,216.500000,220.899994,220.899994,13378
2015-05-20,221.600006,223.399994,221.399994,223.000000,223.000000,18327
2015-05-21,224.000000,224.000000,221.399994,222.199997,222.199997,9318
2015-05-22,222.199997,223.500000,222.000000,222.199997,222.199997,8534
2015-05-25,222.199997,227.600006,222.199997,225.100006,225.100006,14708
2015-05-26,225.500000,230.000000,225.399994,226.199997,226.199997,8995
2015-05-27,225.199997,231.399994,225.199997,229.500000,229.500000,19424
2015-05-28,229.000000,229.300003,226.800003,226.800003,226.800003,4338
2015-05-29,228.199997,228.199997,223.000000,223.600006,223.600006,12023
2015-06-01,223.800003,229.600006,223.800003,225.100006,225.100006,31408
2015-06-02,231.000000,231.000000,218.899994,221.100006,221.100006,14833
2015-06-03,219.899994,223.000000,217.600006,221.600006,221.600006,20886
2015-06-04,222.100006,222.100006,217.500000,219.100006,219.100006,8328
2015-06-05,218.199997,218.899994,216.300003,216.800003,216.800003,6388
2015-06-08,216.800003,216.800003,215.100006,215.899994,215.899994,8669
2015-06-09,216.600006,217.800003,214.300003,214.800003,214.800003,13144
2015-06-10,215.100006,219.600006,214.100006,217.500000,217.500000,8401
2015-06-11,219.000000,221.699997,218.399994,221.100006,221.100006,13866
2015-06-12,222.000000,223.300003,219.000000,220.500000,220.500000,13683
2015-06-15,227.500000,227.500000,214.800003,214.800003,214.800003,6124
2015-06-16,212.199997,217.399994,212.199997,216.399994,216.399994,19670
2015-06-17,216.399994,217.000000,214.699997,214.699997,214.699997,3910
2015-06-18,210.000000,215.199997,210.000000,213.000000,213.000000,40896
2015-06-22,213.000000,220.000000,210.100006,220.000000,220.000000,17359
2015-06-23,220.000000,222.899994,220.000000,221.399994,221.399994,13988
2015-06-24,222.100006,222.100006,219.699997,220.800003,220.800003,7738
2015-06-25,220.000000,221.500000,218.699997,219.399994,219.399994,5394
2015-06-26,219.100006,220.699997,217.899994,219.100006,219.100006,14766
2015-06-29,212.300003,216.199997,210.399994,210.399994,210.399994,27389
2015-06-30,210.000000,212.500000,209.899994,211.500000,211.500000,44249
2015-07-01,212.300003,216.399994,211.699997,213.600006,213.600006,14003
2015-07-02,214.100006,215.100006,212.699997,212.699997,212.699997,18128
2015-07-03,212.699997,214.000000,211.199997,214.000000,214.000000,4809
2015-07-06,210.699997,214.000000,210.699997,211.300003,211.300003,25445
2015-07-07,210.000000,213.699997,210.000000,210.300003,210.300003,13565
2015-07-08,210.300003,214.000000,210.300003,214.000000,214.000000,9735
2015-07-09,215.000000,218.100006,214.399994,218.100006,218.100006,4671
2015-07-10,220.199997,222.000000,219.899994,220.600006,220.600006,11419
2015-07-13,223.000000,225.899994,223.000000,225.899994,225.899994,7695
2015-07-14,225.000000,229.199997,225.000000,229.199997,229.199997,3410
2015-07-15,229.300003,229.500000,227.300003,229.500000,229.500000,6647
2015-07-16,229.699997,239.100006,229.100006,236.699997,236.699997,43987
2015-07-17,236.000000,244.699997,236.000000,240.199997,240.199997,30459
2015-07-20,250.800003,250.800003,240.699997,242.399994,242.399994,14376
2015-07-21,242.300003,243.100006,238.500000,238.600006,238.600006,8522
2015-07-22,236.000000,241.000000,236.000000,239.300003,239.300003,6529
2015-07-23,242.399994,243.600006,241.699997,243.199997,243.199997,7727
2015-07-24,242.399994,244.399994,242.000000,244.399994,244.399994,6251
2015-07-27,243.600006,243.600006,238.699997,238.699997,238.699997,35097
2015-07-28,238.500000,242.800003,238.500000,240.399994,240.399994,9782
2015-07-29,242.300003,243.100006,240.100006,242.899994,242.899994,8809
2015-07-30,242.899994,243.399994,239.500000,242.199997,242.199997,14174
2015-07-31,244.000000,244.800003,241.899994,244.800003,244.800003,14297
2015-08-03,244.800003,249.300003,244.800003,249.300003,249.300003,12538
2015-08-04,249.300003,251.399994,247.800003,251.000000,251.000000,5152
2015-08-05,252.899994,254.399994,250.899994,252.000000,252.000000,13132
2015-08-06,250.800003,252.100006,250.600006,250.699997,250.699997,16089
2015-08-07,250.600006,252.000000,250.000000,251.100006,251.100006,4983
2015-08-10,251.500000,255.100006,251.500000,254.899994,254.899994,9062
2015-08-11,253.800003,254.000000,249.500000,250.100006,250.100006,3771
2015-08-12,246.600006,246.600006,240.100006,240.100006,240.100006,19380
2015-08-13,240.399994,245.600006,240.399994,243.699997,243.699997,11745
2015-08-14,245.399994,246.100006,243.899994,243.899994,243.899994,14864
2015-08-17,245.500000,246.399994,241.500000,243.100006,243.100006,9024
2015-08-18,244.100006,244.600006,242.600006,243.399994,243.399994,5970
2015-08-19,243.300003,243.399994,240.000000,240.000000,240.000000,13252
2015-08-20,240.000000,241.100006,237.300003,237.300003,237.300003,10800
2015-08-21,233.100006,237.800003,231.800003,231.800003,231.800003,44263
2015-08-24,225.000000,228.699997,215.800003,219.000000,219.000000,37978
2015-08-25,217.500000,230.500000,217.500000,228.699997,228.699997,26984
2015-08-26,227.600006,231.500000,223.300003,227.100006,227.100006,19999
2015-08-27,233.000000,234.100006,230.699997,233.100006,233.100006,16230
2015-08-28,236.300003,247.899994,236.300003,244.800003,244.800003,40423
2015-08-31,244.000000,244.000000,238.399994,240.800003,240.800003,22134
2015-09-01,240.000000,240.100006,236.600006,237.899994,237.899994,103141
2015-09-02,240.500000,243.199997,237.000000,240.000000,240.000000,33293
2015-09-03,243.000000,246.100006,242.000000,244.100006,244.100006,21333
2015-09-04,244.100006,244.100006,237.600006,238.300003,238.300003,29792
2015-09-07,239.500000,241.199997,238.199997,239.399994,239.399994,16945
2015-09-08,240.600006,242.000000,239.399994,239.399994,239.399994,24022
2015-09-09,250.000000,250.000000,238.000000,238.699997,238.699997,16202
2015-09-10,238.500000,241.500000,236.500000,240.399994,240.399994,18092
2015-09-11,243.399994,243.399994,237.500000,238.100006,238.100006,16730
2015-09-14,239.300003,240.500000,235.600006,235.600006,235.600006,11412
2015-09-15,237.000000,238.600006,235.000000,236.399994,236.399994,16482
2015-09-16,240.300003,242.100006,239.600006,239.600006,239.600006,13157
2015-09-17,242.000000,242.000000,239.000000,240.100006,240.100006,9261
2015-09-18,240.100006,240.100006,234.300003,236.300003,236.300003,10325
2015-09-21,235.100006,241.500000,234.000000,238.100006,238.100006,13001
2015-09-22,238.500000,238.500000,231.899994,233.300003,233.300003,8688
2015-09-23,230.000000,233.300003,229.699997,232.800003,232.800003,13723
2015-09-24,231.699997,232.699997,228.000000,228.600006,228.600006,20838
2015-09-25,231.399994,236.000000,231.399994,235.800003,235.800003,13732
2015-09-28,235.000000,236.800003,232.100006,232.100006,232.100006,42527
2015-09-29,231.300003,232.000000,227.899994,230.500000,230.500000,49546
2015-09-30,231.800003,236.199997,231.800003,231.800003,231.800003,63621
2015-10-01,232.300003,235.699997,221.100006,222.300003,222.300003,98479
2015-10-02,223.500000,223.899994,218.199997,220.500000,220.500000,28680
2015-10-05,225.800003,227.000000,221.399994,227.000000,227.000000,21952
2015-10-06,227.000000,227.000000,223.600006,225.100006,225.100006,9384
2015-10-07,227.000000,227.000000,214.600006,214.600006,214.600006,32807
2015-10-08,215.100006,218.300003,215.100006,217.800003,217.800003,44201
2015-10-09,218.800003,220.199997,218.699997,219.100006,219.100006,5149
2015-10-12,219.100006,223.600006,219.100006,223.600006,223.600006,22553
2015-10-13,227.000000,228.300003,223.800003,224.300003,224.300003,36601
2015-10-14,224.300003,224.300003,219.600006,221.600006,221.600006,17046
2015-10-15,222.600006,227.699997,221.100006,226.100006,226.100006,25263
2015-10-16,228.300003,228.699997,224.199997,226.899994,226.899994,22065
2015-10-19,227.199997,228.600006,226.300003,228.600006,228.600006,11229
2015-10-20,226.300003,229.100006,226.300003,228.100006,228.100006,14268
2015-10-21,230.000000,232.000000,227.800003,231.399994,231.399994,24034
2015-10-22,230.800003,236.399994,228.600006,236.300003,236.300003,15732
2015-10-23,235.699997,240.500000,235.699997,240.500000,240.500000,27012
2015-10-26,240.000000,241.500000,239.199997,240.199997,240.199997,28924
2015-10-27,240.500000,242.199997,239.500000,239.699997,239.699997,9625
2015-10-28,240.500000,243.300003,239.100006,243.300003,243.300003,8779
2015-10-29,253.000000,255.000000,248.500000,255.000000,255.000000,62444
2015-10-30,253.399994,258.500000,250.000000,252.300003,252.300003,27716
2015-11-02,250.399994,255.300003,248.399994,252.699997,252.699997,37655
2015-11-03,253.000000,253.000000,249.399994,252.800003,252.800003,21691
2015-11-04,253.000000,258.399994,253.000000,256.799988,256.799988,35155
2015-11-05,256.200012,258.600006,255.399994,255.399994,255.399994,19402
2015-11-06,246.399994,251.100006,246.399994,250.500000,250.500000,16507124
2015-11-09,250.000000,251.199997,248.600006,249.600006,249.600006,22092
2015-11-10,250.199997,250.899994,246.300003,250.000000,250.000000,21289
2015-11-11,250.199997,252.199997,248.600006,251.199997,251.199997,11936
2015-11-12,252.199997,252.199997,249.199997,249.899994,249.899994,8617
2015-11-13,248.000000,248.000000,243.500000,243.600006,243.600006,4081
2015-11-16,242.899994,247.100006,240.899994,246.800003,246.800003,14492
2015-11-17,248.500000,251.600006,248.500000,251.600006,251.600006,7777
2015-11-18,251.600006,251.600006,248.100006,250.699997,250.699997,4338
2015-11-19,251.000000,252.500000,249.699997,249.899994,249.899994,15459
2015-11-20,250.800003,252.600006,248.699997,252.600006,252.600006,13579
2015-11-23,251.500000,253.899994,249.300003,253.899994,253.899994,30991
2015-11-24,253.800003,253.800003,246.000000,248.300003,248.300003,15586
2015-11-25,248.500000,253.899994,248.500000,253.500000,253.500000,29252
2015-11-26,254.899994,256.299988,252.500000,255.100006,255.100006,20856
2015-11-27,254.899994,256.299988,252.500000,255.100006,255.100006,20856
2015-11-30,258.000000,258.000000,251.600006,253.000000,253.000000,9351
2015-12-01,258.000000,258.000000,251.600006,253.000000,253.000000,9351
2015-12-02,252.000000,255.899994,252.000000,254.500000,254.500000,13706
2015-12-03,253.399994,256.399994,247.000000,248.899994,248.899994,23603
2015-12-04,247.199997,247.199997,241.399994,245.199997,245.199997,6287
2015-12-07,247.199997,247.199997,241.399994,245.199997,245.199997,6287
2015-12-08,249.399994,249.699997,241.699997,244.100006,244.100006,15187
2015-12-09,249.399994,249.699997,241.699997,244.100006,244.100006,15187
2015-12-10,242.000000,242.000000,236.800003,239.699997,239.699997,11964
2015-12-11,239.699997,240.500000,234.300003,235.000000,235.000000,10618
2015-12-14,237.899994,237.899994,231.000000,231.399994,231.399994,28208
2015-12-15,230.000000,242.699997,230.000000,241.600006,241.600006,18000
2015-12-16,243.500000,245.300003,241.300003,242.500000,242.500000,21673
2015-12-17,247.899994,250.100006,245.399994,246.800003,246.800003,28822
2015-12-18,248.000000,248.000000,240.600006,243.199997,243.199997,56972
2015-12-21,236.000000,246.399994,236.000000,242.399994,242.399994,24710
2015-12-22,240.000000,242.899994,237.000000,237.800003,237.800003,22934
2015-12-23,239.800003,242.600006,239.500000,240.899994,240.899994,16741
2015-12-28,240.899994,242.699997,239.300003,240.500000,240.500000,9790
2015-12-29,239.000000,245.699997,239.000000,244.800003,244.800003,14384
2015-12-30,245.500000,246.399994,243.199997,245.699997,245.699997,11058
2016-01-04,245.699997,246.000000,235.100006,235.100006,235.100006,11807
2016-01-05,235.199997,236.699997,232.899994,233.199997,233.199997,5219
2016-01-07,233.199997,233.199997,224.899994,226.500000,226.500000,41482
2016-01-08,226.500000,229.100006,224.800003,224.800003,224.800003,27640
2016-01-11,224.600006,229.199997,224.600006,227.300003,227.300003,19082
2016-01-12,228.000000,230.899994,226.899994,228.699997,228.699997,30399
2016-01-13,233.300003,234.500000,230.300003,233.199997,233.199997,22290
2016-01-14,232.000000,232.000000,227.500000,228.399994,228.399994,25654
2016-01-15,228.399994,229.699997,225.000000,228.699997,228.699997,30427
2016-01-18,221.500000,234.500000,221.500000,232.899994,232.899994,33170
2016-01-19,235.800003,239.399994,232.899994,238.399994,238.399994,44317
2016-01-20,235.000000,239.000000,232.000000,232.399994,232.399994,39488
2016-01-21,232.399994,238.000000,232.399994,236.199997,236.199997,38811
2016-01-22,240.399994,246.199997,240.399994,244.899994,244.899994,27857
2016-01-25,247.500000,247.500000,243.800003,244.399994,244.399994,13227
2016-01-26,244.500000,246.000000,240.399994,245.500000,245.500000,17015
2016-01-27,245.500000,249.399994,244.399994,248.699997,248.699997,15108
2016-01-28,244.500000,245.600006,236.699997,243.699997,243.699997,51695
2016-01-29,243.699997,252.399994,243.699997,251.899994,251.899994,22668
2016-02-01,253.300003,255.500000,251.300003,254.800003,254.800003,32052
2016-02-02,260.000000,260.000000,250.399994,251.899994,251.899994,16912
2016-02-03,251.899994,253.699997,247.199997,248.800003,248.800003,27799
2016-02-04,237.000000,251.800003,237.000000,247.399994,247.399994,29024
2016-02-05,246.500000,248.800003,242.000000,242.500000,242.500000,38505
2016-02-08,248.699997,248.699997,234.600006,235.600006,235.600006,56724
2016-02-09,237.000000,237.199997,230.600006,234.199997,234.199997,36847
2016-02-10,231.899994,237.600006,231.899994,235.500000,235.500000,37694
2016-02-11,235.500000,238.000000,232.000000,232.000000,232.000000,62119
2016-02-12,234.399994,241.500000,232.000000,241.500000,241.500000,23886
2016-02-15,245.300003,249.800003,245.300003,247.899994,247.899994,18400
2016-02-16,247.500000,250.300003,244.699997,246.699997,246.699997,5894
2016-02-17,247.899994,254.500000,247.100006,254.500000,254.500000,13316
2016-02-18,254.500000,256.700012,253.500000,254.199997,254.199997,12519
2016-02-19,253.000000,256.100006,252.600006,255.699997,255.699997,6159
2016-02-22,257.500000,259.700012,256.200012,256.700012,256.700012,9362
2016-02-23,259.000000,259.000000,250.600006,253.500000,253.500000,9691
2016-02-24,253.500000,253.500000,247.699997,248.199997,248.199997,18073
2016-02-25,259.000000,259.000000,250.300003,257.000000,257.000000,17720
2016-02-26,259.000000,261.500000,257.500000,260.399994,260.399994,25516
2016-02-29,259.500000,259.500000,253.100006,257.100006,257.100006,17323
2016-03-01,257.100006,262.500000,254.399994,262.500000,262.500000,15992
2016-03-02,263.000000,263.100006,253.199997,255.199997,255.199997,11454
2016-03-03,254.800003,255.899994,248.899994,249.000000,249.000000,14836
2016-03-04,252.399994,255.199997,250.399994,254.600006,254.600006,11965
2016-03-07,253.100006,253.399994,250.199997,250.199997,250.199997,10905
2016-03-08,250.199997,251.500000,247.699997,251.500000,251.500000,11551
2016-03-09,245.100006,253.800003,245.100006,253.000000,253.000000,38519
2016-03-10,251.000000,258.500000,251.000000,251.899994,251.899994,25327
2016-03-11,253.199997,254.699997,251.899994,253.500000,253.500000,7977
2016-03-14,253.500000,259.200012,253.000000,258.799988,258.799988,15823
2016-03-15,256.600006,260.000000,256.600006,260.000000,260.000000,10240
2016-03-16,260.000000,260.100006,255.000000,256.500000,256.500000,15280
2016-03-17,257.200012,257.200012,251.300003,254.899994,254.899994,14855
2016-03-18,256.700012,256.700012,251.100006,252.600006,252.600006,19829
2016-03-21,252.300003,252.300003,249.699997,250.100006,250.100006,17378
2016-03-22,249.000000,249.000000,243.699997,248.000000,248.000000,13841
2016-03-23,249.600006,254.199997,249.600006,252.300003,252.300003,13197
2016-03-24,252.199997,253.100006,251.399994,252.300003,252.300003,2749
2016-03-29,252.300003,255.699997,252.300003,255.000000,255.000000,11373
2016-03-30,257.299988,260.000000,257.299988,260.000000,260.000000,14031
2016-03-31,257.299988,260.000000,257.299988,260.000000,260.000000,14031
2016-04-01,253.899994,253.899994,246.199997,251.199997,251.199997,9595
2016-04-04,250.600006,254.899994,250.600006,252.100006,252.100006,10447
2016-04-05,251.199997,252.600006,250.000000,251.899994,251.899994,9635
2016-04-06,262.000000,262.000000,249.899994,256.600006,256.600006,25288
2016-04-07,258.100006,258.100006,254.500000,255.500000,255.500000,21845
2016-04-08,254.699997,274.899994,254.699997,258.600006,258.600006,12769
2016-04-11,268.899994,268.899994,255.699997,259.000000,259.000000,15537
2016-04-12,274.000000,274.000000,254.699997,254.800003,254.800003,17297
2016-04-13,260.000000,260.000000,255.600006,258.200012,258.200012,12078
2016-04-14,258.700012,261.799988,257.000000,257.399994,257.399994,15698
2016-04-15,250.600006,254.100006,250.600006,250.699997,250.699997,15195
2016-04-18,250.500000,252.699997,249.100006,251.399994,251.399994,15994
2016-04-19,251.399994,259.299988,251.399994,259.100006,259.100006,28472
2016-04-20,258.000000,258.700012,256.500000,258.700012,258.700012,13175
2016-04-21,258.399994,258.399994,253.800003,256.100006,256.100006,24084
2016-04-22,256.100006,256.100006,244.000000,245.800003,245.800003,15803
2016-04-25,246.100006,250.300003,245.800003,248.100006,248.100006,21005
2016-04-26,249.000000,251.800003,247.100006,247.100006,247.100006,15106
2016-04-27,247.100006,250.500000,245.399994,250.500000,250.500000,11286
2016-04-28,248.399994,256.700012,246.100006,254.699997,254.699997,17577
2016-04-29,254.399994,255.699997,251.899994,253.899994,253.899994,16315
2016-05-02,254.899994,254.899994,250.199997,250.199997,250.199997,6572
2016-05-03,250.100006,251.000000,246.699997,249.699997,249.699997,9480
2016-05-04,252.000000,252.600006,248.300003,248.300003,248.300003,3000
2016-05-06,248.300003,249.800003,246.699997,249.199997,249.199997,5844
2016-05-09,250.199997,255.100006,249.199997,253.800003,253.800003,10861
2016-05-10,253.899994,256.000000,251.800003,252.800003,252.800003,8203
2016-05-11,255.199997,255.199997,252.300003,253.800003,253.800003,4504
2016-05-12,252.000000,257.100006,250.100006,255.000000,255.000000,3737
2016-05-13,254.000000,255.500000,253.100006,255.000000,255.000000,7171
2016-05-16,252.600006,257.399994,252.300003,257.399994,257.399994,5085
2016-05-17,257.299988,258.399994,252.800003,252.800003,252.800003,7414
2016-05-18,253.199997,258.200012,252.800003,258.200012,258.200012,2025
2016-05-19,257.000000,258.000000,253.500000,256.299988,256.299988,1889
2016-05-20,257.000000,260.399994,257.000000,260.399994,260.399994,9174
2016-05-23,260.399994,260.399994,257.500000,258.200012,258.200012,3526
2016-05-24,258.000000,264.799988,258.000000,264.799988,264.799988,13904
2016-05-25,264.000000,268.299988,261.799988,261.799988,261.799988,2660
2016-05-26,262.399994,266.700012,262.200012,266.299988,266.299988,8577
2016-05-27,264.100006,265.200012,263.000000,263.399994,263.399994,995
2016-05-30,263.899994,263.899994,262.000000,262.799988,262.799988,4806
2016-05-31,262.399994,268.100006,262.399994,266.299988,266.299988,5037
2016-06-01,266.299988,267.299988,264.600006,265.299988,265.299988,9409
2016-06-02,264.000000,265.700012,263.600006,264.000000,264.000000,2799
2016-06-03,264.000000,265.399994,261.500000,263.200012,263.200012,1355
2016-06-07,263.200012,264.299988,260.000000,261.899994,261.899994,5187
2016-06-08,261.000000,264.000000,261.000000,261.799988,261.799988,3189
2016-06-09,263.000000,263.000000,257.799988,259.799988,259.799988,6391
2016-06-10,258.500000,258.500000,253.699997,255.300003,255.300003,3937
2016-06-13,253.000000,254.699997,250.500000,250.500000,250.500000,457751
2016-06-14,251.600006,251.600006,246.800003,246.899994,246.899994,454106
2016-06-15,246.500000,251.399994,246.500000,249.500000,249.500000,506345
2016-06-16,249.000000,249.000000,246.000000,247.699997,247.699997,2134
2016-06-17,249.600006,250.000000,247.000000,248.000000,248.000000,7373
2016-06-20,252.600006,254.800003,250.600006,254.800003,254.800003,3195
2016-06-21,254.300003,261.200012,252.500000,261.200012,261.200012,10095
2016-06-22,261.000000,261.299988,258.200012,259.399994,259.399994,9578
2016-06-23,260.000000,264.200012,260.000000,263.500000,263.500000,6363
2016-06-27,263.500000,263.500000,250.500000,252.199997,252.199997,5573
2016-06-28,260.600006,260.600006,255.699997,259.799988,259.799988,15164
2016-06-29,259.799988,264.299988,259.799988,263.899994,263.899994,4270
2016-06-30,274.700012,274.700012,263.899994,268.899994,268.899994,3256
2016-07-01,269.100006,274.100006,269.100006,273.799988,273.799988,4894
2016-07-04,273.500000,275.000000,271.700012,271.700012,271.700012,2915
2016-07-05,271.500000,272.500000,268.600006,269.200012,269.200012,4235
2016-07-06,269.200012,269.399994,264.500000,268.000000,268.000000,2379
2016-07-07,267.799988,272.200012,267.399994,271.100006,271.100006,3846
2016-07-08,271.100006,271.600006,266.399994,271.299988,271.299988,24424
2016-07-11,271.600006,275.399994,271.600006,275.399994,275.399994,4844
2016-07-12,273.000000,273.100006,271.299988,271.899994,271.899994,2073
2016-07-13,272.000000,274.600006,270.399994,274.600006,274.600006,2995
2016-07-14,274.600006,275.000000,272.100006,272.100006,272.100006,2192
2016-07-15,272.500000,274.000000,271.399994,273.200012,273.200012,3481
2016-07-18,275.000000,275.000000,272.399994,275.000000,275.000000,2610
2016-07-19,274.600006,274.600006,258.799988,259.000000,259.000000,28626
2016-07-20,260.200012,261.700012,255.399994,261.000000,261.000000,16112
2016-07-21,260.500000,260.500000,256.799988,257.799988,257.799988,8331
2016-07-22,257.600006,258.799988,253.699997,258.799988,258.799988,4720
2016-07-25,258.500000,262.299988,258.500000,260.899994,260.899994,4589
2016-07-26,258.100006,262.000000,258.100006,258.799988,258.799988,4237
2016-07-27,262.000000,262.100006,258.399994,258.700012,258.700012,7513
2016-07-28,258.700012,258.700012,255.600006,256.200012,256.200012,9649
2016-07-29,255.000000,255.100006,252.000000,253.699997,253.699997,14230
2016-08-01,253.699997,254.699997,252.100006,253.600006,253.600006,4866
2016-08-02,252.300003,254.899994,252.300003,253.899994,253.899994,3326
2016-08-03,253.699997,256.100006,251.199997,253.699997,253.699997,6528
2016-08-04,254.500000,254.800003,251.699997,253.500000,253.500000,17162
2016-08-05,253.000000,256.700012,253.000000,255.500000,255.500000,7599
2016-08-08,256.299988,256.600006,253.500000,254.000000,254.000000,11635
2016-08-09,254.000000,258.000000,253.500000,258.000000,258.000000,8162
2016-08-10,256.299988,256.399994,253.100006,253.100006,253.100006,11191
2016-08-11,253.100006,256.500000,253.100006,254.800003,254.800003,11255
2016-08-12,256.399994,256.399994,254.500000,255.199997,255.199997,2659
2016-08-15,256.399994,256.399994,254.500000,255.199997,255.199997,2659
2016-08-16,255.000000,255.000000,252.000000,253.800003,253.800003,10394
2016-08-17,252.000000,253.800003,250.899994,251.699997,251.699997,3375
2016-08-18,252.399994,254.199997,250.500000,252.699997,252.699997,5089
2016-08-19,252.800003,252.800003,249.199997,250.000000,250.000000,8828
2016-08-22,249.000000,252.399994,248.600006,248.800003,248.800003,5944
2016-08-23,249.199997,252.000000,249.199997,249.899994,249.899994,23978
2016-08-24,279.000000,281.299988,269.100006,269.500000,269.500000,51181
2016-08-25,270.000000,273.399994,266.799988,267.299988,267.299988,33795
2016-08-26,269.000000,269.000000,265.500000,266.500000,266.500000,15433
2016-08-29,267.000000,267.000000,263.799988,264.299988,264.299988,8350
2016-08-30,266.500000,268.100006,264.000000,266.000000,266.000000,9231
2016-08-31,266.000000,266.399994,262.899994,262.899994,262.899994,6209
2016-09-01,263.000000,264.299988,262.200012,262.299988,262.299988,2779
2016-09-02,263.399994,270.000000,263.399994,270.000000,270.000000,4208
2016-09-05,269.899994,269.899994,268.600006,269.000000,269.000000,9639
2016-09-06,269.000000,270.000000,268.799988,269.299988,269.299988,6454
2016-09-07,269.200012,270.399994,268.799988,269.000000,269.000000,2629
2016-09-08,269.299988,272.899994,269.000000,269.600006,269.600006,13228
2016-09-09,270.000000,270.000000,261.200012,261.200012,261.200012,14169
2016-09-12,261.200012,262.299988,257.899994,261.500000,261.500000,6892
2016-09-13,264.799988,264.799988,259.500000,259.500000,259.500000,4635
2016-09-14,259.899994,262.299988,259.500000,260.100006,260.100006,12255
2016-09-15,260.100006,262.299988,258.700012,262.299988,262.299988,4119
2016-09-16,260.399994,262.100006,259.799988,260.200012,260.200012,3475
2016-09-19,260.299988,261.799988,258.600006,260.399994,260.399994,3385
2016-09-20,260.700012,262.100006,260.200012,260.200012,260.200012,4539
2016-09-21,260.600006,262.200012,258.000000,258.000000,258.000000,4966
2016-09-22,261.700012,264.399994,261.700012,264.399994,264.399994,2402
2016-09-23,268.000000,268.000000,262.100006,262.100006,262.100006,3555
2016-09-26,271.200012,271.200012,260.899994,260.899994,260.899994,2531
2016-09-27,262.299988,263.200012,259.299988,261.000000,261.000000,9811
2016-09-28,263.100006,263.700012,254.000000,256.100006,256.100006,5512
2016-09-29,256.100006,257.600006,253.000000,253.000000,253.000000,9096
2016-09-30,252.000000,255.399994,250.000000,254.800003,254.800003,4178
2016-10-03,255.000000,256.600006,254.399994,255.000000,255.000000,8633
2016-10-04,260.000000,260.899994,259.500000,260.299988,260.299988,12151
2016-10-05,259.200012,259.200012,253.100006,253.100006,253.100006,9833
2016-10-06,255.000000,256.100006,252.000000,252.000000,252.000000,9514
2016-10-07,255.500000,255.500000,249.000000,249.000000,249.000000,22839
2016-10-10,260.000000,260.000000,249.000000,250.500000,250.500000,9524
2016-10-11,251.000000,253.699997,250.000000,252.699997,252.699997,4872
2016-10-12,252.000000,254.300003,252.000000,253.500000,253.500000,5861
2016-10-13,253.500000,253.500000,249.800003,251.300003,251.300003,4108
2016-10-14,252.399994,253.300003,251.600006,252.699997,252.699997,439
2016-10-17,252.600006,255.399994,252.399994,253.100006,253.100006,5655
2016-10-18,250.100006,255.600006,250.100006,255.600006,255.600006,4843
2016-10-19,255.600006,258.100006,254.899994,258.100006,258.100006,3043
2016-10-20,258.100006,258.100006,254.899994,255.699997,255.699997,1962
2016-10-21,256.500000,257.500000,254.899994,255.000000,255.000000,3452
2016-10-24,255.000000,257.200012,251.800003,251.800003,251.800003,2928
2016-10-25,251.800003,253.800003,251.000000,252.000000,252.000000,8995
2016-10-26,252.100006,253.100006,249.699997,249.899994,249.899994,11447
2016-10-27,252.699997,261.500000,252.699997,256.500000,256.500000,9902
2016-10-28,257.600006,259.799988,256.000000,258.299988,258.299988,3004
2016-10-31,258.700012,258.700012,255.800003,255.800003,255.800003,3192
2016-11-01,257.500000,260.000000,256.600006,256.899994,256.899994,5142
2016-11-02,258.000000,258.000000,254.399994,254.800003,254.800003,6654
2016-11-03,254.800003,255.800003,253.899994,254.800003,254.800003,2174
2016-11-04,252.399994,254.600006,251.399994,251.399994,251.399994,4610
2016-11-07,253.399994,254.899994,250.399994,254.000000,254.000000,5591
2016-11-08,254.000000,254.300003,251.600006,253.500000,253.500000,3479
2016-11-09,247.000000,252.000000,245.199997,245.199997,245.199997,22275
2016-11-10,253.000000,253.000000,239.699997,240.800003,240.800003,24851
2016-11-11,240.800003,243.699997,240.699997,241.000000,241.000000,6146
2016-11-14,243.199997,244.100006,234.000000,234.000000,234.000000,12385
2016-11-15,238.000000,241.000000,236.600006,241.000000,241.000000,6512
2016-11-16,241.899994,242.199997,239.800003,240.899994,240.899994,4058
2016-11-17,240.899994,243.699997,240.899994,243.300003,243.300003,13207
2016-11-18,244.000000,245.699997,243.199997,245.600006,245.600006,15135
2016-11-21,245.500000,247.100006,243.500000,245.300003,245.300003,25077
2016-11-22,246.699997,247.000000,244.399994,245.000000,245.000000,12048
2016-11-23,244.199997,246.699997,243.399994,243.800003,243.800003,20573
2016-11-24,244.199997,244.899994,243.800003,243.899994,243.899994,1865
2016-11-25,244.000000,245.600006,243.899994,244.699997,244.699997,2169
2016-11-28,246.899994,246.899994,243.199997,244.600006,244.600006,9747
2016-11-29,244.600006,245.100006,243.600006,243.600006,243.600006,3532
2016-11-30,245.000000,247.699997,244.199997,244.199997,244.199997,4299
2016-12-01,244.199997,244.199997,238.500000,238.500000,238.500000,16389
2016-12-02,237.500000,239.500000,237.000000,237.500000,237.500000,5048
2016-12-05,238.300003,242.800003,238.300003,238.699997,238.699997,14077
2016-12-06,238.699997,238.800003,237.800003,238.699997,238.699997,13936
2016-12-07,238.699997,239.500000,237.800003,238.800003,238.800003,13991
2016-12-08,239.000000,239.899994,237.800003,239.699997,239.699997,13362
2016-12-09,240.300003,248.000000,240.199997,248.000000,248.000000,18212
2016-12-12,247.500000,250.199997,247.000000,250.000000,250.000000,16469
2016-12-13,250.000000,255.500000,250.000000,253.800003,253.800003,13742
2016-12-14,253.800003,256.399994,250.899994,255.699997,255.699997,7632
2016-12-15,253.399994,257.200012,253.000000,254.500000,254.500000,8535
2016-12-16,254.000000,256.299988,253.000000,254.899994,254.899994,13713
2016-12-19,258.100006,265.100006,258.100006,259.799988,259.799988,39944
2016-12-20,260.000000,260.600006,256.200012,256.200012,256.200012,15343
2016-12-21,258.500000,258.500000,254.000000,254.300003,254.300003,14002
2016-12-22,254.000000,254.899994,252.000000,254.399994,254.399994,7986
2016-12-23,254.699997,255.600006,253.000000,255.399994,255.399994,9432
2016-12-27,255.399994,256.600006,254.899994,255.199997,255.199997,3857
2016-12-28,255.500000,255.500000,253.500000,254.000000,254.000000,5846
2016-12-29,253.600006,255.199997,253.000000,255.100006,255.100006,3810
2016-12-30,257.000000,257.000000,254.300003,256.299988,256.299988,4534
2017-01-02,256.299988,257.799988,255.899994,256.399994,256.399994,5890
2017-01-03,256.799988,257.100006,253.600006,254.699997,254.699997,14835
2017-01-04,254.699997,254.899994,253.000000,253.199997,253.199997,7115
2017-01-05,255.000000,255.000000,252.399994,253.500000,253.500000,5541
2017-01-09,253.500000,254.800003,252.300003,253.500000,253.500000,12962
2017-01-10,255.800003,256.399994,252.000000,253.100006,253.100006,18246
2017-01-11,253.600006,254.899994,251.800003,254.600006,254.600006,11738
2017-01-12,252.899994,252.899994,250.600006,251.699997,251.699997,11237
2017-01-13,252.800003,255.300003,252.699997,253.399994,253.399994,69361
2017-01-16,253.399994,255.600006,253.000000,254.500000,254.500000,39030
2017-01-17,255.399994,255.399994,252.000000,254.000000,254.000000,8745
2017-01-18,254.000000,255.100006,252.000000,253.000000,253.000000,2590
2017-01-19,254.000000,255.000000,253.000000,254.000000,254.000000,7013
2017-01-20,254.000000,255.100006,252.000000,254.100006,254.100006,3020
2017-01-23,254.100006,255.699997,253.399994,254.800003,254.800003,2592
2017-01-24,252.399994,254.699997,252.399994,253.000000,253.000000,4554
2017-01-25,253.399994,255.100006,253.399994,254.500000,254.500000,2368
2017-01-26,257.899994,265.899994,255.000000,262.000000,262.000000,16733
2017-01-27,262.000000,264.899994,262.000000,264.799988,264.799988,4789
2017-01-30,264.799988,265.500000,262.399994,265.299988,265.299988,16177
2017-01-31,264.000000,276.899994,263.899994,276.000000,276.000000,29543
2017-02-01,277.299988,277.299988,270.000000,270.899994,270.899994,15862
2017-02-02,274.000000,282.500000,270.000000,277.500000,277.500000,17134
2017-02-03,277.500000,277.899994,276.500000,277.600006,277.600006,13812
2017-02-06,278.399994,280.000000,274.000000,274.000000,274.000000,11179
2017-02-07,280.100006,281.399994,275.600006,276.799988,276.799988,4427
2017-02-08,275.899994,278.399994,275.399994,276.600006,276.600006,5906
2017-02-09,278.000000,279.100006,273.700012,276.299988,276.299988,8675
2017-02-10,276.399994,280.100006,274.899994,274.899994,274.899994,5073
2017-02-13,276.000000,277.799988,275.200012,275.700012,275.700012,5368
2017-02-14,278.000000,278.000000,273.399994,274.200012,274.200012,2638
2017-02-15,277.700012,277.700012,273.500000,274.500000,274.500000,7340
2017-02-16,274.500000,278.899994,274.399994,275.600006,275.600006,4007
2017-02-17,278.200012,279.000000,274.399994,278.200012,278.200012,5600
2017-02-20,278.200012,278.600006,275.100006,275.200012,275.200012,6181
2017-02-21,275.299988,279.399994,275.299988,278.299988,278.299988,10131
2017-02-22,278.500000,282.000000,278.299988,281.500000,281.500000,6941
2017-02-23,282.000000,283.299988,280.000000,280.299988,280.299988,8906
2017-02-24,282.500000,284.100006,280.799988,282.000000,282.000000,6598
2017-02-27,282.299988,285.000000,279.899994,283.899994,283.899994,13452
2017-02-28,284.000000,284.000000,280.299988,282.600006,282.600006,8372
2017-03-01,284.000000,287.100006,284.000000,286.299988,286.299988,16198
2017-03-02,286.500000,286.500000,281.500000,281.500000,281.500000,9395
2017-03-03,281.500000,282.700012,280.799988,281.700012,281.700012,1972
2017-03-06,282.700012,282.799988,280.500000,281.000000,281.000000,3239
2017-03-07,285.000000,285.000000,280.000000,280.000000,280.000000,1572
2017-03-08,283.399994,283.399994,279.000000,279.399994,279.399994,7445
2017-03-09,284.399994,285.100006,280.500000,282.899994,282.899994,12037
2017-03-10,283.500000,291.200012,283.500000,290.799988,290.799988,14677
2017-03-13,291.700012,295.299988,289.000000,289.000000,289.000000,18682
2017-03-14,291.000000,292.200012,288.000000,289.299988,289.299988,7372
2017-03-15,290.000000,291.500000,288.000000,288.200012,288.200012,15141
2017-03-16,293.000000,293.000000,288.500000,290.399994,290.399994,6111
2017-03-17,292.000000,298.500000,289.000000,292.100006,292.100006,14951
2017-03-20,294.500000,295.799988,292.000000,293.100006,293.100006,27558
2017-03-21,294.000000,294.799988,291.799988,291.799988,291.799988,21061
2017-03-22,291.200012,293.000000,290.100006,291.500000,291.500000,14986
2017-03-23,293.600006,297.799988,290.000000,295.799988,295.799988,7981
2017-03-24,295.799988,296.399994,293.700012,293.700012,293.700012,9809
2017-03-27,293.500000,293.500000,289.899994,291.399994,291.399994,12123
2017-03-28,291.799988,294.200012,290.399994,291.600006,291.600006,8439
2017-03-29,292.000000,292.200012,290.700012,291.000000,291.000000,9371
2017-03-30,291.500000,293.899994,289.899994,292.399994,292.399994,4697
2017-03-31,292.399994,295.000000,291.100006,295.000000,295.000000,11272
2017-04-03,297.000000,297.000000,290.000000,292.100006,292.100006,10775
2017-04-04,291.399994,292.100006,289.000000,290.100006,290.100006,4318
2017-04-05,290.100006,291.200012,287.000000,287.899994,287.899994,6739
2017-04-06,283.600006,283.600006,277.899994,280.100006,280.100006,248350
2017-04-07,280.000000,282.799988,278.899994,282.000000,282.000000,5786
2017-04-10,282.899994,282.899994,280.399994,281.500000,281.500000,5299
2017-04-11,282.000000,283.000000,279.399994,280.100006,280.100006,2928
2017-04-12,280.000000,283.000000,280.000000,280.500000,280.500000,1168
2017-04-13,297.000000,308.600006,295.100006,304.000000,304.000000,30272
2017-04-18,304.000000,304.000000,293.500000,294.200012,294.200012,11692
2017-04-19,294.799988,302.899994,294.799988,297.700012,297.700012,8943
2017-04-20,297.500000,298.899994,295.000000,297.500000,297.500000,7434
2017-04-21,297.500000,298.600006,295.000000,298.000000,298.000000,5683
2017-04-24,300.000000,300.899994,297.000000,299.000000,299.000000,8243
2017-04-25,298.500000,299.500000,294.200012,295.899994,295.899994,5261
2017-04-26,295.899994,298.899994,293.000000,297.000000,297.000000,8145
2017-04-27,297.899994,302.100006,296.000000,299.000000,299.000000,6521
2017-04-28,299.000000,299.000000,293.500000,294.899994,294.899994,10196
2017-05-02,294.899994,297.000000,294.299988,296.000000,296.000000,3103
2017-05-03,297.000000,297.200012,292.700012,292.700012,292.700012,5686
2017-05-04,292.700012,298.299988,292.700012,298.299988,298.299988,2894
2017-05-05,299.899994,299.899994,295.299988,299.899994,299.899994,5884
2017-05-08,299.899994,300.000000,295.700012,296.299988,296.299988,13033
2017-05-09,296.299988,299.200012,295.299988,297.200012,297.200012,6122
2017-05-10,297.200012,297.500000,294.899994,295.500000,295.500000,5828
2017-05-11,295.500000,300.000000,295.000000,296.600006,296.600006,12589
2017-05-12,300.000000,300.500000,296.000000,300.200012,300.200012,9740
2017-05-15,302.000000,302.700012,298.500000,301.600006,301.600006,4484
2017-05-16,301.600006,303.200012,299.600006,302.899994,302.899994,12453
2017-05-17,303.000000,303.000000,300.000000,300.299988,300.299988,8319
